   Year	mong008	mong009	mong017	mong018	mong023	mong029	mong030	mong033	mong040	russ226	russ227	russ229	russ230	russ232	russ233	russ235	russ240	russ245	russ249	russ250	russ252	russ253	russ254	russ255	russ256	russ257	russ258	russ259	     GN	   HON4	    KUR	     PU	     BA	    CHG	    SHA	     TA
   1700	    NaN	  1.040	  0.744	  0.770	  0.893	  0.947	  0.751	    NaN	  0.668	  0.307	  0.445	  0.487	  0.880	  0.412	  0.843	    NaN	    NaN	  0.770	  0.909	  0.403	    NaN	  0.923	  0.493	  0.832	    NaN	  0.412	  0.929	  0.596	  0.619	    NaN	    NaN	  1.380	  0.392	  0.846	  0.695	  0.718
   1701	    NaN	  1.040	  0.388	  0.754	  0.802	  0.710	  0.718	    NaN	  0.801	  0.543	  0.580	  0.645	  1.109	  0.634	  1.087	    NaN	    NaN	  0.670	  0.821	  0.776	    NaN	  0.843	  0.663	  1.002	    NaN	  0.797	  0.800	  0.761	  0.864	    NaN	    NaN	  1.138	  0.414	  0.875	  0.696	  0.997
   1702	    NaN	  0.861	  0.388	  0.484	  1.127	  0.756	  0.820	    NaN	  0.723	  0.424	  0.536	  0.682	  0.746	  0.517	  0.466	    NaN	    NaN	  0.664	  0.770	  0.636	    NaN	  0.753	  0.549	  0.835	    NaN	  0.642	  0.669	  0.609	  0.676	    NaN	    NaN	  1.162	  0.688	  0.574	  0.603	  1.233
   1703	    NaN	  0.956	  0.769	  0.744	  1.228	  0.861	  1.066	    NaN	  0.859	  0.498	  0.691	  0.869	  1.025	  0.725	  0.905	    NaN	    NaN	  0.829	  0.941	  0.807	    NaN	  0.970	  0.768	  0.975	    NaN	  0.896	  0.772	  0.687	  0.664	    NaN	    NaN	  0.653	  0.798	  1.038	  0.920	  1.599
   1704	    NaN	  0.929	  0.737	  0.773	  0.837	  0.874	  1.262	    NaN	  0.802	  0.434	  0.771	  1.090	  0.928	  0.607	  0.868	    NaN	    NaN	  0.907	  0.745	  0.718	    NaN	  0.987	  0.756	  0.968	    NaN	  0.814	  0.828	  0.659	  0.823	    NaN	    NaN	  1.060	  0.954	  0.883	  1.016	  1.659
   1705	    NaN	  0.967	  0.862	  1.042	  0.740	  0.884	  1.093	    NaN	  0.713	  0.498	  0.798	  1.119	  0.941	  0.717	  0.705	    NaN	    NaN	  0.957	  0.813	  0.847	    NaN	  1.149	  0.912	  0.975	    NaN	  0.916	  0.841	  0.742	  0.856	    NaN	    NaN	  0.818	  0.800	  1.179	  1.172	  1.011
   1706	    NaN	  0.902	  0.788	  0.761	  0.910	  0.859	  0.754	    NaN	  0.879	  0.439	  0.741	  0.938	  0.721	  0.596	  0.621	    NaN	    NaN	  1.209	  0.822	  0.820	    NaN	  0.973	  0.688	  0.752	    NaN	  0.805	  0.849	  0.716	  0.626	    NaN	    NaN	  1.074	  0.980	  0.688	  0.746	  0.686
   1707	    NaN	  1.084	  0.884	  0.798	  1.347	  1.078	  1.043	    NaN	  0.924	  0.569	  0.848	  0.919	  0.872	  0.760	  0.909	    NaN	    NaN	  1.280	  1.011	  0.952	    NaN	  1.081	  0.947	  0.925	    NaN	  1.035	  0.917	  0.859	  0.891	    NaN	    NaN	  0.788	  0.956	  0.582	  0.969	  1.427
   1708	    NaN	  1.223	  1.021	  1.125	  1.142	  1.187	  1.183	    NaN	  0.953	  0.605	  0.982	  1.295	  0.990	  0.832	  0.919	    NaN	    NaN	  1.058	  1.195	  1.152	    NaN	  1.199	  1.027	  1.041	    NaN	  1.166	  0.993	  0.998	  0.762	    NaN	    NaN	  0.933	  0.871	  0.811	  0.886	  0.929
   1709	    NaN	  1.281	  1.152	  1.149	  1.577	  1.257	  0.980	    NaN	  0.901	  0.640	  0.997	  1.417	  1.333	  0.856	  1.231	    NaN	    NaN	  0.935	  1.223	  1.018	    NaN	  1.153	  1.106	  1.016	    NaN	  1.228	  0.929	  0.993	  0.868	    NaN	    NaN	  0.603	  1.046	  1.303	  1.011	  0.632
   1710	    NaN	  1.195	  0.949	  0.920	  0.866	  1.015	  0.726	    NaN	  0.801	  0.651	  0.787	  1.023	  0.977	  0.690	  0.989	    NaN	    NaN	  0.731	  0.507	  0.807	    NaN	  0.814	  0.829	  0.888	    NaN	  0.991	  0.583	  0.866	  0.771	    NaN	    NaN	  0.893	  1.093	  0.855	  1.163	  0.597
   1711	    NaN	  1.301	  1.096	  1.001	  1.422	  1.186	  0.996	    NaN	  0.913	  0.627	  0.892	  0.987	  0.762	  0.828	  0.794	    NaN	    NaN	  0.786	  0.440	  0.871	    NaN	  0.871	  0.881	  0.956	    NaN	  1.094	  0.744	  0.902	  1.008	    NaN	    NaN	  1.234	  1.365	  1.020	  1.504	  1.465
   1712	    NaN	  1.183	  1.110	  0.934	  2.093	  1.098	  1.057	  0.962	  0.841	  0.710	  0.881	  0.963	  0.792	  0.812	  0.909	    NaN	    NaN	  0.793	  0.457	  0.858	    NaN	  0.781	  0.832	  0.969	    NaN	  1.164	  0.682	  0.860	  1.111	    NaN	    NaN	  1.007	  1.299	  1.430	  1.955	  1.989
   1713	    NaN	  1.304	  1.194	  1.089	  1.448	  1.111	  1.087	  1.048	  0.896	  0.683	  0.821	  1.098	  1.101	  0.787	  1.097	    NaN	    NaN	  0.779	  0.465	  0.808	    NaN	  0.940	  0.945	  0.852	    NaN	  0.848	  0.708	  0.951	  1.250	    NaN	    NaN	  0.380	  1.132	  1.245	  1.507	  1.709
   1714	    NaN	  0.930	  1.213	  1.227	  0.519	  1.110	  0.477	  0.837	  1.153	  0.779	  1.055	  1.136	  0.752	  0.987	  0.774	    NaN	  0.917	  0.956	  0.936	  0.910	    NaN	  1.414	  1.148	  0.945	    NaN	  1.164	  0.995	  1.242	  0.725	    NaN	    NaN	  0.539	  0.728	  0.478	  0.754	  0.579
   1715	    NaN	  0.859	  0.779	  0.958	  0.347	  0.970	  0.451	  0.515	  1.036	  0.804	  1.190	  1.239	  0.762	  1.050	  0.786	    NaN	  1.338	  0.798	  0.711	  0.813	    NaN	  1.061	  0.969	  1.031	    NaN	  1.302	  1.094	  1.229	  0.847	    NaN	    NaN	  0.607	  0.867	  0.401	  0.839	  0.816
   1716	    NaN	  1.109	  0.711	  0.983	  0.448	  0.891	  0.615	  0.780	  1.003	  0.946	  1.066	  1.108	  0.914	  1.062	  0.855	    NaN	  1.115	  0.938	  0.651	  0.731	    NaN	  0.960	  0.973	  0.960	    NaN	  1.125	  0.804	  1.214	  0.648	    NaN	    NaN	  0.943	  0.997	  0.428	  0.698	  0.722
   1717	    NaN	  0.970	  0.776	  0.993	  0.469	  0.781	  0.688	  0.893	  1.120	  0.874	  0.927	  1.041	  0.828	  0.903	  0.762	    NaN	  0.977	  0.957	  0.793	  0.849	    NaN	  0.949	  0.908	  0.949	    NaN	  1.035	  0.862	  0.949	  0.477	    NaN	    NaN	  0.951	  0.965	  0.748	  0.778	  0.974
   1718	    NaN	  0.867	  0.762	  1.047	  0.444	  0.693	  0.603	  0.868	  0.939	  0.859	  0.817	  0.773	  0.566	  0.872	  0.635	    NaN	  1.024	  0.691	  0.649	  0.946	    NaN	  0.872	  0.906	  0.852	    NaN	  1.046	  0.811	  0.904	  0.737	    NaN	    NaN	  1.102	  0.859	  0.522	  0.908	  1.058
   1719	    NaN	  0.990	  0.756	  0.810	  0.478	  0.756	  0.716	  0.734	  0.927	  0.878	  0.974	  0.832	  0.795	  0.968	  0.821	    NaN	  0.892	  0.741	  0.810	  0.940	    NaN	  0.939	  0.939	  0.875	    NaN	  1.010	  0.841	  0.937	  0.798	    NaN	    NaN	  1.217	  1.103	  0.490	  1.223	  1.066
   1720	    NaN	  1.149	  0.880	  0.692	  0.834	  0.896	  0.986	  1.041	  0.986	  0.871	  1.002	  0.872	  0.996	  1.012	  1.219	    NaN	  0.790	  0.938	  0.771	  1.043	    NaN	  0.970	  0.976	  0.998	    NaN	  0.995	  0.990	  0.964	  0.900	    NaN	    NaN	  1.097	  1.177	  0.674	  0.961	  1.066
   1721	    NaN	  0.971	  0.720	  0.796	  0.663	  0.756	  0.545	  0.842	  0.858	  0.830	  1.057	  0.924	  0.889	  0.929	  1.015	    NaN	  0.947	  0.808	  0.653	  0.907	    NaN	  0.691	  0.915	  0.986	    NaN	  0.927	  0.476	  0.764	  0.784	    NaN	    NaN	  1.328	  1.078	  0.626	  0.925	  0.860
   1722	    NaN	  1.491	  1.274	  1.262	  0.823	  1.062	  1.035	  1.077	  1.300	  1.145	  1.191	  1.380	  1.143	  1.304	  1.349	    NaN	  0.780	  1.182	  1.140	  1.084	  0.992	  1.324	  1.223	  1.254	    NaN	  1.301	  1.106	  1.056	  0.554	    NaN	    NaN	  0.916	  1.444	  1.051	  1.255	  0.729
   1723	    NaN	  0.878	  1.089	  1.156	  0.681	  0.774	  0.777	  1.210	  0.956	  0.938	  1.016	  1.052	  0.817	  0.932	  1.015	    NaN	  1.175	  1.140	  0.941	  0.969	  0.976	  1.054	  0.983	  0.839	    NaN	  0.927	  0.928	  0.750	  0.845	    NaN	    NaN	  1.037	  1.283	  1.031	  0.869	  0.946
   1724	    NaN	  0.863	  0.946	  1.004	  1.197	  0.828	  0.961	  1.407	  1.001	  0.711	  0.843	  0.847	  1.061	  0.774	  1.078	    NaN	  1.085	  0.948	  0.692	  0.792	  0.813	  0.832	  0.986	  0.725	    NaN	  0.863	  0.690	  0.683	  0.626	    NaN	    NaN	  0.496	  1.227	  1.129	  1.063	  1.147
   1725	    NaN	  1.335	  1.246	  1.222	  1.251	  1.118	  0.979	  1.296	  1.348	  0.998	  1.051	  1.215	  0.943	  1.167	  0.920	    NaN	  0.956	  1.361	  1.219	  1.127	  0.991	  1.086	  1.196	  1.055	    NaN	  1.093	  0.973	  1.039	  0.934	    NaN	    NaN	  0.765	  1.366	  0.701	  0.625	  1.030
   1726	    NaN	  0.883	  1.266	  0.996	  1.055	  0.818	  0.841	  1.309	  0.993	  0.906	  1.012	  1.033	  0.565	  0.982	  0.429	    NaN	  1.253	  0.690	  0.659	  1.078	  0.825	  0.867	  1.015	  0.879	    NaN	  1.068	  0.709	  0.869	  0.842	    NaN	    NaN	  0.675	  1.087	  0.557	  0.535	  1.162
   1727	    NaN	  0.976	  1.323	  1.096	  1.535	  0.853	  1.275	  1.542	  0.977	  0.734	  0.909	  0.881	  0.586	  0.802	  0.643	    NaN	  0.900	  1.173	  1.211	  0.883	  0.765	  1.237	  1.014	  0.852	    NaN	  0.917	  0.984	  0.746	  1.161	    NaN	    NaN	  1.027	  1.285	  0.975	  0.841	  1.380
   1728	    NaN	  1.005	  1.468	  0.905	  1.727	  0.949	  1.136	  1.641	  0.911	  0.748	  0.740	  0.987	  0.802	  0.778	  0.865	    NaN	  1.376	  0.963	  0.866	  0.684	  0.870	  0.856	  0.807	  0.982	    NaN	  0.490	  0.692	  0.810	  1.337	    NaN	    NaN	  1.022	  0.632	  1.316	  1.068	  1.628
   1729	    NaN	  1.488	  1.507	  1.273	  1.110	  1.151	  1.116	  1.211	  1.241	  0.982	  1.036	  1.356	  0.823	  1.090	  0.954	    NaN	  1.219	  1.212	  1.063	  1.079	  1.180	  1.294	  1.172	  1.017	    NaN	  0.976	  1.139	  1.102	  1.657	    NaN	    NaN	  0.753	  0.318	  0.971	  0.840	  0.864
   1730	    NaN	  1.288	  1.129	  1.220	  0.957	  1.153	  0.915	  1.085	  1.210	  0.948	  0.917	  1.165	  0.926	  1.008	  1.068	    NaN	  1.348	  1.254	  0.777	  1.031	  1.148	  1.237	  1.002	  0.867	    NaN	  0.789	  1.073	  0.943	  1.487	    NaN	    NaN	  0.378	  0.437	  0.658	  0.744	  0.967
   1731	    NaN	  0.993	  0.769	  1.031	  0.591	  1.011	  0.704	  1.085	  1.080	  1.183	  1.302	  1.653	  1.253	  1.347	  1.128	    NaN	  1.161	  1.204	  1.145	  1.547	  1.036	  1.155	  1.218	  1.181	    NaN	  1.364	  1.094	  1.125	  1.455	    NaN	    NaN	  0.521	  0.506	  0.755	  0.600	  0.760
   1732	    NaN	  0.896	  0.806	  0.854	  1.293	  1.014	  1.187	  1.174	  1.091	  0.941	  1.094	  1.316	  1.142	  1.057	  1.183	    NaN	  1.340	  1.098	  0.687	  1.199	  0.796	  1.332	  1.098	  1.101	    NaN	  1.115	  1.232	  1.032	  1.167	    NaN	    NaN	  0.753	  0.818	  0.987	  0.710	  0.708
   1733	    NaN	  0.909	  0.883	  0.756	  1.534	  0.824	  1.130	  0.938	  0.679	  0.807	  1.072	  0.950	  1.193	  0.836	  1.194	    NaN	  1.285	  0.674	  0.485	  1.055	  0.735	  0.716	  0.895	  0.759	    NaN	  0.901	  0.598	  0.607	  0.788	    NaN	    NaN	  0.670	  0.760	  0.546	  0.422	  1.238
   1734	    NaN	  1.265	  0.713	  1.360	  0.772	  0.689	  1.382	  1.595	  1.489	  1.310	  1.311	  1.348	  1.027	  1.423	  0.887	    NaN	  0.756	  1.149	  1.217	  1.513	  1.201	  1.759	  1.365	  1.076	    NaN	  1.406	  1.534	  1.099	  1.034	    NaN	    NaN	  1.032	  0.662	  0.787	  0.469	  0.741
   1735	    NaN	  0.592	  0.379	  0.783	  0.900	  0.400	  0.671	  0.980	  1.298	  0.973	  1.109	  0.821	  0.738	  1.071	  0.891	    NaN	  1.319	  1.582	  1.026	  0.964	  0.779	  1.230	  0.827	  0.755	    NaN	  1.059	  1.165	  0.817	  1.078	    NaN	    NaN	  0.995	  0.859	  0.698	  0.468	  0.625
   1736	    NaN	  0.380	  0.365	  0.534	  0.869	  0.468	  0.590	  1.337	  1.353	  0.808	  0.768	  0.637	  0.612	  0.820	  0.820	    NaN	  1.051	  1.436	  1.078	  0.686	  0.724	  1.181	  0.497	  0.764	    NaN	  0.718	  1.197	  0.668	  1.103	    NaN	    NaN	  1.013	  1.106	  0.944	  0.692	  0.740
   1737	    NaN	  0.856	  0.514	  1.028	  0.467	  0.571	  0.693	  0.910	  1.305	  1.224	  1.154	  0.927	  0.774	  1.265	  1.000	    NaN	  1.156	  1.355	  1.385	  1.208	  0.832	  1.541	  0.973	  0.902	    NaN	  1.208	  1.198	  0.876	  0.953	    NaN	    NaN	  0.637	  0.817	  0.598	  0.459	  0.583
   1738	    NaN	  0.793	  0.554	  1.033	  0.658	  0.642	  0.775	  1.094	  1.379	  1.149	  1.109	  0.983	  0.658	  1.119	  0.803	    NaN	  1.147	  1.510	  1.438	  1.228	  0.942	  1.662	  1.203	  0.876	    NaN	  1.330	  1.354	  0.857	  1.085	    NaN	    NaN	  1.197	  1.250	  0.625	  0.661	  0.955
   1739	    NaN	  0.851	  0.574	  1.203	  0.939	  0.688	  0.902	  0.887	  1.389	  1.312	  1.229	  1.118	  0.678	  1.281	  0.959	    NaN	  1.437	  1.170	  1.439	  1.327	  1.105	  1.701	  1.282	  1.102	    NaN	  1.275	  1.409	  0.884	  0.873	    NaN	    NaN	  1.040	  0.989	  0.882	  0.852	  0.699
   1740	    NaN	  0.876	  0.512	  1.176	  1.044	  0.704	  0.875	  1.069	  1.480	  1.174	  1.095	  1.136	  0.590	  1.166	  0.937	    NaN	  1.251	  1.291	  1.410	  1.221	  1.005	  1.534	  1.215	  0.966	    NaN	  1.212	  1.256	  0.889	  1.138	    NaN	    NaN	  1.024	  1.084	  0.983	  0.823	  0.527
   1741	    NaN	  0.763	  0.667	  1.150	  1.155	  0.744	  0.625	  0.917	  1.109	  1.056	  0.930	  0.921	  0.804	  1.012	  1.046	    NaN	  1.023	  0.951	  0.844	  1.039	  1.148	  1.086	  0.954	  0.882	    NaN	  0.998	  0.730	  0.751	  0.857	    NaN	    NaN	  1.148	  1.048	  1.279	  1.080	  1.103
   1742	    NaN	  1.020	  0.780	  1.276	  0.900	  0.936	  0.975	  1.032	  1.291	  1.294	  1.155	  1.071	  0.966	  1.209	  0.971	    NaN	  0.704	  1.198	  1.543	  1.323	  1.190	  1.291	  1.230	  1.068	    NaN	  1.274	  1.146	  0.883	  1.025	    NaN	    NaN	  1.317	  1.155	  1.055	  1.151	  1.461
   1743	    NaN	  1.020	  0.778	  1.169	  1.184	  0.976	  1.027	  0.910	  1.350	  1.184	  0.747	  1.004	  0.833	  1.002	  0.927	    NaN	  1.078	  1.312	  1.366	  1.044	  1.212	  1.465	  1.150	  1.008	    NaN	  0.897	  1.070	  0.807	  1.463	    NaN	    NaN	  0.670	  1.567	  1.212	  1.293	  1.106
   1744	    NaN	  1.105	  0.965	  1.145	  1.038	  1.071	  1.138	  1.060	  1.197	  1.209	  0.839	  1.165	  0.793	  1.172	  0.857	    NaN	  1.346	  0.987	  1.107	  1.201	  1.189	  1.308	  1.236	  1.040	    NaN	  0.944	  0.903	  0.969	  1.382	    NaN	    NaN	  1.055	  0.691	  0.935	  1.225	  0.845
   1745	    NaN	  1.116	  0.894	  1.108	  1.130	  0.956	  1.062	  1.213	  0.850	  1.050	  0.909	  1.190	  0.718	  0.960	  0.602	    NaN	  1.088	  1.044	  1.232	  1.179	  0.892	  1.392	  1.078	  0.945	    NaN	  0.902	  0.932	  0.873	  1.273	    NaN	    NaN	  0.841	  0.983	  0.936	  1.319	  1.226
   1746	    NaN	  0.573	  0.752	  0.805	  0.868	  0.778	  0.694	  1.077	  0.447	  0.839	  0.762	  0.938	  0.913	  0.741	  0.637	    NaN	  0.935	  0.696	  0.893	  0.797	  0.737	  0.676	  0.803	  0.951	    NaN	  0.561	  0.498	  0.735	  1.309	    NaN	    NaN	  1.132	  1.213	  0.601	  0.921	  0.854
   1747	    NaN	  0.963	  0.810	  1.005	  1.180	  0.979	  0.818	  0.932	  0.864	  0.991	  0.900	  1.149	  0.986	  0.995	  0.991	    NaN	  0.469	  0.910	  1.231	  1.154	  0.906	  0.484	  0.894	  1.128	    NaN	  0.927	  0.828	  0.919	  0.811	    NaN	    NaN	  0.663	  1.197	  0.626	  0.870	  0.648
   1748	    NaN	  1.178	  0.687	  1.143	  0.571	  1.100	  0.744	  0.531	  0.994	  1.224	  1.018	  0.857	  0.838	  1.282	  0.548	    NaN	  0.707	  1.105	  1.245	  1.228	  0.774	  0.895	  0.828	  1.094	    NaN	  0.923	  1.013	  1.085	  1.073	    NaN	    NaN	  0.986	  1.032	  0.561	  0.542	  0.645
   1749	    NaN	  1.085	  0.541	  1.013	  1.279	  0.968	  0.905	  0.919	  0.803	  1.254	  1.092	  1.060	  0.705	  1.299	  0.564	    NaN	  1.030	  0.810	  0.937	  1.156	  0.926	  0.610	  0.861	  1.037	    NaN	  1.053	  0.610	  1.189	  0.745	    NaN	    NaN	  0.651	  1.474	  0.866	  0.929	  0.773
   1750	    NaN	  0.593	  0.410	  0.723	  1.365	  0.594	  0.543	  0.745	  0.725	  0.759	  0.768	  0.626	  0.512	  0.750	  0.564	    NaN	  0.668	  0.595	  0.604	  0.686	  0.743	  0.303	  0.624	  0.669	    NaN	  0.832	  0.396	  0.705	  0.899	    NaN	    NaN	  1.043	  1.245	  0.965	  0.771	  0.733
   1751	    NaN	  0.871	  0.755	  0.656	  1.246	  0.794	  0.898	  1.209	  0.845	  0.786	  0.619	  0.530	  0.658	  0.651	  0.700	    NaN	  0.253	  0.654	  0.948	  0.350	  0.788	  0.600	  0.613	  0.922	    NaN	  0.571	  0.572	  0.663	  0.790	    NaN	    NaN	  1.163	  1.077	  1.011	  0.910	  1.024
   1752	    NaN	  1.132	  0.918	  1.032	  1.140	  0.972	  1.055	  1.141	  1.124	  1.378	  0.985	  0.770	  0.669	  1.152	  0.997	    NaN	  0.637	  0.913	  1.323	  0.846	  1.029	  0.735	  0.779	  1.246	    NaN	  0.992	  0.911	  0.929	  1.147	    NaN	    NaN	  0.435	  1.236	  1.081	  1.103	  0.902
   1753	    NaN	  1.191	  0.924	  1.302	  0.653	  1.041	  0.941	  1.283	  1.138	  1.479	  1.259	  0.879	  0.718	  1.387	  0.864	  0.619	  0.798	  1.123	  1.182	  0.965	  1.086	  0.743	  0.972	  1.220	    NaN	  1.264	  0.787	  1.113	  1.176	    NaN	    NaN	  0.797	  1.251	  0.470	  0.835	  0.909
   1754	    NaN	  0.845	  0.732	  1.032	  1.159	  0.958	  0.599	  1.026	  0.828	  0.932	  0.857	  0.709	  0.691	  0.789	  0.841	  0.900	  0.961	  0.905	  0.663	  0.807	  0.697	  0.354	  0.802	  0.686	    NaN	  0.785	  0.576	  0.750	  1.250	    NaN	    NaN	  1.015	  0.830	  1.238	  1.602	  1.190
   1755	    NaN	  1.324	  1.003	  1.736	  0.521	  1.176	  0.898	  1.166	  1.164	  1.203	  1.033	  1.124	  1.009	  1.107	  0.990	  0.978	  0.965	  1.206	  1.182	  1.217	  1.037	  0.780	  1.197	  1.081	    NaN	  1.268	  0.947	  1.060	  1.625	    NaN	    NaN	  0.917	  0.833	  0.496	  1.360	  1.181
   1756	    NaN	  1.167	  1.062	  1.391	  0.713	  1.028	  0.968	  1.333	  1.035	  1.068	  0.887	  1.015	  0.930	  1.052	  0.994	  0.906	  1.290	  1.033	  1.226	  0.951	  1.112	  0.779	  0.984	  0.988	    NaN	  1.003	  0.862	  1.004	  1.177	    NaN	    NaN	  1.302	  0.895	  0.982	  1.098	  0.772
   1757	    NaN	  1.064	  1.130	  1.435	  1.241	  1.014	  0.942	  1.309	  0.936	  1.022	  0.965	  1.107	  1.054	  1.060	  1.029	  1.277	  1.285	  1.333	  1.391	  0.990	  1.070	  0.753	  1.023	  0.987	    NaN	  1.002	  0.833	  1.060	  0.894	    NaN	    NaN	  1.434	  1.129	  1.484	  1.550	  1.711
   1758	    NaN	  0.730	  1.035	  1.040	  1.251	  0.858	  0.818	  1.127	  0.978	  0.895	  0.831	  1.030	  0.931	  1.002	  0.738	  1.119	  1.273	  1.009	  1.196	  0.873	  0.897	  0.749	  0.900	  0.980	    NaN	  0.800	  0.810	  0.837	  1.232	    NaN	    NaN	  0.670	  1.296	  1.510	  1.442	  1.376
   1759	    NaN	  1.221	  1.359	  1.355	  1.396	  1.216	  1.004	  1.129	  1.216	  1.009	  0.775	  1.153	  0.710	  1.142	  0.434	  0.656	  0.965	  1.055	  1.240	  0.881	  0.983	  1.019	  0.890	  0.957	    NaN	  0.888	  1.262	  0.851	  1.468	    NaN	    NaN	  0.839	  1.499	  1.240	  0.955	  1.442
   1760	    NaN	  1.123	  0.901	  1.311	  1.099	  0.993	  0.600	  1.048	  1.034	  0.805	  0.602	  0.662	  0.640	  0.696	  0.573	  0.452	  1.092	  0.957	  1.184	  0.828	  0.949	  0.676	  0.970	  0.809	    NaN	  0.496	  0.996	  0.624	  1.476	    NaN	    NaN	  1.097	  1.379	  1.480	  0.954	  1.228
   1761	    NaN	  1.207	  0.984	  1.122	  1.273	  1.078	  0.709	  1.164	  1.331	  0.743	  0.881	  0.881	  0.761	  0.692	  0.847	  0.726	  0.952	  1.203	  1.620	  1.168	  1.082	  1.132	  1.125	  1.082	    NaN	  0.938	  1.327	  0.726	  0.628	    NaN	    NaN	  1.238	  1.140	  1.255	  1.008	  0.825
   1762	    NaN	  1.190	  1.146	  1.356	  1.011	  1.205	  0.781	  1.218	  0.996	  1.154	  1.152	  1.202	  0.822	  1.146	  0.871	  0.953	  1.227	  1.125	  1.205	  1.335	  1.048	  1.007	  1.276	  1.131	    NaN	  1.162	  1.158	  0.979	  0.823	    NaN	    NaN	  0.727	  1.268	  1.565	  1.458	  1.735
   1763	    NaN	  0.955	  1.081	  1.097	  0.964	  1.205	  1.047	  1.342	  0.842	  1.207	  1.302	  1.177	  0.726	  1.295	  0.567	  0.583	  1.227	  1.068	  0.463	  1.125	  1.248	  1.140	  1.051	  1.097	    NaN	  1.332	  1.101	  1.283	  1.273	    NaN	    NaN	  0.945	  0.830	  1.340	  1.220	  0.822
   1764	    NaN	  0.926	  0.989	  0.929	  1.040	  1.059	  0.932	  1.110	  0.765	  1.056	  0.988	  1.123	  0.738	  1.090	  0.603	  0.703	  1.143	  0.722	  0.557	  1.093	  1.208	  0.991	  1.124	  1.159	  1.034	  0.991	  0.884	  1.180	  1.361	    NaN	    NaN	  0.828	  0.971	  0.610	  1.119	  0.823
   1765	    NaN	  1.113	  1.232	  1.361	  1.183	  1.469	  1.374	  1.269	  0.919	  1.334	  1.161	  1.403	  0.686	  1.301	  0.679	  0.824	  0.629	  0.891	  0.832	  1.484	  1.450	  0.913	  1.393	  1.228	  1.143	  1.312	  1.144	  1.181	  1.236	    NaN	    NaN	  0.785	  0.832	  1.202	  1.292	  1.281
   1766	    NaN	  1.175	  1.251	  1.723	  0.867	  1.342	  1.259	  1.090	  1.054	  1.251	  1.267	  1.388	  0.853	  1.094	  0.794	  0.944	  1.048	  1.165	  0.946	  1.339	  1.615	  1.123	  1.368	  1.249	  1.168	  1.377	  1.414	  1.293	  1.232	    NaN	    NaN	  0.605	  0.789	  1.286	  1.135	  1.039
   1767	    NaN	  1.153	  1.379	  1.561	  0.896	  1.333	  1.603	  1.270	  1.009	  1.328	  1.248	  1.354	  1.011	  1.148	  1.006	  1.217	  1.205	  1.295	  1.085	  1.301	  1.588	  1.190	  1.470	  1.276	  1.271	  1.366	  1.338	  1.160	  1.476	    NaN	    NaN	  0.965	  0.998	  1.263	  1.100	  0.787
   1768	    NaN	  0.964	  1.226	  1.189	  0.199	  1.237	  0.915	  0.765	  0.861	  0.984	  0.834	  0.879	  0.889	  0.924	  0.771	  0.968	  1.237	  0.765	  0.723	  0.881	  1.299	  0.897	  0.974	  1.086	  0.765	  1.034	  1.261	  0.955	  1.515	    NaN	    NaN	  1.432	  0.857	  0.672	  0.868	  0.547
   1769	    NaN	  1.107	  1.377	  1.346	  0.904	  1.327	  1.352	  1.286	  0.966	  1.179	  1.167	  0.789	  0.686	  1.119	  0.858	  0.773	  0.907	  0.978	  0.975	  1.016	  1.401	  0.948	  1.221	  1.176	  1.045	  1.394	  1.246	  1.068	  0.771	    NaN	    NaN	  1.206	  1.415	  0.847	  1.125	  1.505
   1770	    NaN	  1.167	  1.465	  1.670	  0.897	  1.332	  1.241	  1.283	  1.034	  1.437	  1.363	  1.133	  0.758	  1.328	  0.784	  0.706	  0.978	  1.053	  1.194	  1.256	  1.417	  1.102	  1.482	  1.221	  1.278	  1.446	  1.352	  1.348	  0.821	    NaN	    NaN	  0.936	  1.165	  1.337	  1.319	  0.853
   1771	  1.212	  0.800	  0.928	  1.387	  0.999	  0.941	  1.093	  1.178	  1.071	  1.095	  1.147	  0.927	  0.790	  1.097	  1.003	  0.769	  0.993	  1.066	  1.109	  1.048	  1.133	  1.161	  1.185	  1.183	  1.396	  1.131	  1.252	  1.202	  0.978	    NaN	    NaN	  0.332	  0.721	  0.651	  0.980	  0.839
   1772	  1.131	  0.558	  0.547	  0.865	  1.247	  0.862	  1.256	  1.107	  1.084	  1.051	  1.005	  0.714	  0.842	  0.909	  0.852	  0.829	  1.090	  1.137	  0.868	  0.879	  0.873	  1.218	  0.744	  1.063	  1.352	  0.878	  1.267	  1.172	  1.234	    NaN	    NaN	  0.851	  1.039	  0.874	  0.906	  0.751
   1773	  1.432	  1.036	  1.114	  1.029	  1.012	  1.349	  1.266	  1.281	  1.266	  1.434	  1.179	  1.149	  0.768	  1.394	  0.921	  0.858	  1.094	  1.332	  1.532	  1.296	  1.166	  1.167	  1.187	  1.321	  1.690	  1.206	  1.531	  1.489	  1.045	    NaN	    NaN	  0.655	  0.873	  0.743	  0.984	  0.936
   1774	  1.158	  0.867	  1.076	  0.892	  1.715	  1.174	  1.228	  1.114	  0.967	  1.158	  1.040	  0.875	  0.888	  1.053	  1.148	  1.204	  1.264	  0.901	  0.803	  0.908	  1.105	  0.831	  0.994	  1.160	  1.037	  0.990	  1.076	  1.101	  0.894	    NaN	    NaN	  1.049	  1.068	  1.301	  1.153	  1.174
   1775	  1.278	  0.835	  1.046	  0.752	  0.993	  1.179	  1.339	  1.009	  0.922	  0.814	  0.760	  0.548	  1.132	  0.653	  1.271	  1.178	  0.965	  0.771	  0.480	  0.634	  0.823	  0.636	  0.495	  0.984	  0.852	  0.544	  0.983	  0.748	  1.156	    NaN	    NaN	  1.414	  0.742	  1.217	  0.934	  0.929
   1776	  0.982	  0.928	  1.053	  0.984	  1.040	  1.206	  0.953	  0.893	  1.243	  0.982	  1.020	  0.620	  0.959	  0.797	  1.153	  1.140	  0.567	  1.023	  0.924	  0.792	  0.941	  0.869	  0.573	  1.008	  1.010	  0.920	  1.203	  0.777	  1.544	    NaN	    NaN	  1.626	  0.554	  0.797	  1.108	  0.836
   1777	  1.128	  1.116	  1.423	  1.070	  0.858	  1.500	  1.458	  0.935	  1.192	  1.475	  1.285	  0.901	  1.171	  1.256	  1.019	  1.183	  1.054	  1.124	  1.201	  1.172	  1.125	  0.965	  0.959	  1.355	  1.158	  1.159	  1.522	  1.126	  0.993	    NaN	    NaN	  1.719	  0.887	  1.416	  1.303	  1.134
   1778	  1.108	  0.887	  1.155	  1.073	  0.518	  1.311	  1.075	  0.971	  1.297	  1.227	  0.935	  0.898	  1.065	  1.103	  0.755	  0.770	  1.408	  1.090	  1.225	  0.981	  1.109	  1.191	  0.917	  1.307	  1.161	  0.810	  1.510	  1.174	  1.085	    NaN	    NaN	  1.486	  0.889	  0.892	  1.088	  0.656
   1779	  1.064	  1.055	  1.094	  1.262	  0.760	  1.087	  0.666	  0.894	  1.380	  1.548	  1.149	  1.094	  0.855	  1.255	  0.662	  0.978	  1.557	  1.202	  1.465	  1.294	  1.037	  1.203	  1.192	  1.264	  1.312	  1.123	  1.549	  1.163	  0.971	    NaN	    NaN	  1.524	  1.153	  0.971	  1.214	  0.872
   1780	  1.087	  1.044	  1.023	  1.071	  0.586	  1.152	  0.985	  1.007	  1.105	  1.258	  1.073	  1.125	  0.895	  1.125	  0.712	  0.898	  1.429	  1.030	  1.049	  1.155	  1.089	  0.925	  0.939	  1.177	  1.097	  1.003	  1.171	  1.142	  0.539	    NaN	    NaN	  1.681	  1.208	  0.894	  0.964	  0.906
   1781	  1.229	  1.346	  1.399	  1.532	  0.626	  1.318	  1.006	  1.191	  1.365	  1.774	  1.247	  1.471	  0.850	  1.592	  0.683	  0.945	  1.029	  1.087	  1.492	  1.404	  1.279	  1.057	  1.364	  1.147	  1.280	  1.457	  1.337	  1.427	  0.915	    NaN	    NaN	  0.900	  1.149	  0.889	  1.244	  0.868
   1782	  1.196	  1.280	  1.082	  0.932	  1.155	  1.315	  1.190	  1.167	  1.124	  1.170	  1.090	  1.264	  0.945	  1.049	  0.907	  1.128	  1.083	  1.326	  1.784	  0.982	  1.474	  1.126	  1.316	  1.165	  1.407	  1.024	  1.404	  1.116	  1.084	    NaN	    NaN	  1.526	  1.156	  1.258	  1.328	  0.889
   1783	  0.933	  1.366	  1.263	  0.679	  1.040	  1.331	  1.258	  0.862	  0.663	  1.007	  0.906	  1.091	  1.022	  0.914	  0.865	  1.015	  1.314	  0.664	  0.872	  0.831	  1.277	  0.837	  0.752	  1.153	  0.948	  0.841	  1.043	  1.249	  1.248	  0.897	    NaN	  1.002	  0.962	  1.138	  1.150	  0.781
   1784	  1.119	  1.017	  1.226	  0.599	  1.170	  1.394	  1.253	  1.160	  0.808	  0.917	  0.611	  0.653	  1.178	  0.684	  1.075	  1.207	  0.522	  0.703	  0.698	  0.538	  0.702	  0.958	  0.461	  1.072	  0.742	  0.503	  0.550	  0.562	  1.288	  0.870	    NaN	  1.173	  1.154	  1.621	  1.634	  1.355
   1785	  0.934	  0.825	  1.060	  0.596	  1.787	  1.129	  1.119	  1.007	  0.664	  0.794	  0.741	  0.683	  1.414	  0.680	  1.267	  1.372	  0.394	  0.452	  0.406	  0.608	  0.663	  0.707	  0.445	  0.736	  0.486	  0.729	  0.295	  0.655	  1.446	  0.836	    NaN	  1.376	  1.083	  1.771	  1.525	  1.269
   1786	  1.122	  1.233	  1.157	  0.612	  0.628	  1.205	  1.292	  1.188	  1.100	  1.445	  1.106	  1.071	  1.925	  1.254	  1.767	  1.661	  0.731	  0.969	  1.151	  1.303	  0.898	  1.422	  0.826	  1.286	  0.867	  1.327	  0.812	  1.166	  1.089	  0.980	  1.101	  1.117	  0.387	  1.337	  1.258	  1.021
   1787	  0.947	  1.151	  1.009	  0.733	  0.496	  1.323	  0.922	  1.002	  0.832	  1.426	  1.106	  0.886	  1.218	  1.226	  1.227	  1.549	  0.422	  0.747	  0.833	  1.244	  0.890	  1.137	  0.754	  1.215	  0.690	  1.312	  0.712	  0.917	  1.522	  0.999	  1.376	  1.339	  0.510	  0.679	  0.693	  0.481
   1788	  0.687	  0.539	  0.773	  0.722	  1.072	  0.999	  0.763	  0.664	  0.666	  0.599	  0.653	  0.372	  1.341	  0.477	  1.548	  1.321	  0.444	  0.694	  0.423	  0.518	  0.624	  0.556	  0.342	  0.597	  0.348	  0.722	  0.399	  0.620	  0.796	  1.061	  1.499	  1.250	  0.581	  0.914	  0.782	  0.715
   1789	  1.065	  0.855	  1.227	  0.728	  1.387	  1.386	  1.195	  1.099	  0.826	  0.692	  1.007	  0.443	  1.549	  0.536	  1.351	  1.420	  0.602	  0.848	  0.317	  0.865	  0.694	  0.692	  0.486	  1.057	  0.457	  1.094	  0.644	  0.366	  1.080	  1.290	  1.070	  1.388	  0.775	  1.687	  1.259	  1.514
   1790	  0.763	  1.054	  1.216	  0.850	  1.439	  1.416	  1.294	  0.834	  0.873	  0.876	  1.113	  0.610	  1.425	  0.712	  1.363	  1.171	  0.856	  0.922	  0.561	  0.990	  0.888	  0.727	  0.631	  1.068	  0.591	  1.127	  0.863	  0.604	  1.354	  1.409	  1.215	  1.428	  0.856	  0.957	  0.897	  1.385
   1791	  0.674	  1.046	  0.910	  0.727	  0.970	  1.129	  1.251	  0.779	  0.893	  0.862	  1.011	  0.713	  1.344	  0.808	  1.263	  0.868	  0.897	  1.120	  0.781	  1.033	  0.840	  1.067	  0.765	  1.138	  0.754	  1.153	  0.853	  0.800	  1.224	  0.952	  1.005	  0.828	  0.741	  0.912	  1.232	  0.729
   1792	  0.700	  0.667	  0.598	  1.072	  0.708	  0.717	  1.120	  0.708	  0.510	  0.834	  0.812	  0.733	  0.938	  0.780	  1.033	  0.713	  0.502	  0.606	  0.485	  0.710	  0.745	  0.606	  0.555	  1.026	  0.465	  0.626	  0.424	  0.800	  1.119	  0.939	  1.138	  0.760	  0.856	  1.180	  1.274	  0.753
   1793	  0.657	  0.894	  0.774	  0.911	  0.960	  0.805	  1.074	  0.818	  0.958	  0.873	  1.035	  0.997	  0.801	  0.865	  0.896	  0.728	  0.746	  0.888	  0.922	  0.870	  0.932	  0.871	  0.819	  0.965	  0.677	  0.976	  0.742	  0.867	  1.413	  0.709	  1.086	  0.934	  0.861	  0.639	  1.108	  0.742
   1794	  1.020	  1.011	  0.921	  1.000	  0.481	  0.823	  1.041	  1.069	  0.880	  0.880	  1.041	  0.866	  0.968	  0.827	  0.916	  0.512	  0.699	  0.848	  0.917	  0.965	  1.076	  0.821	  0.911	  0.982	  0.828	  1.077	  0.775	  0.837	  0.931	  0.859	  0.890	  0.556	  0.833	  0.841	  0.825	  0.441
   1795	  0.923	  0.880	  0.891	  0.973	  1.095	  0.936	  1.090	  0.970	  0.962	  0.690	  1.018	  1.066	  1.162	  0.676	  0.906	  0.484	  0.791	  0.940	  0.852	  0.860	  1.020	  0.843	  0.870	  0.852	  0.662	  0.918	  0.645	  0.711	  0.817	  1.180	  1.048	  0.968	  1.077	  1.032	  0.769	  1.280
   1796	  0.948	  0.983	  0.933	  0.979	  0.984	  0.957	  1.104	  1.163	  0.990	  0.840	  0.779	  1.081	  1.239	  0.703	  1.194	  0.931	  0.928	  1.014	  1.159	  0.809	  1.110	  0.963	  0.920	  0.966	  0.823	  0.718	  0.718	  0.702	  1.195	  1.451	  1.402	  0.979	  0.961	  1.409	  0.962	  1.135
   1797	  0.935	  0.653	  0.972	  1.115	  1.014	  0.935	  0.891	  1.098	  0.765	  0.833	  0.713	  0.737	  1.146	  0.725	  1.119	  0.704	  0.824	  0.885	  0.541	  0.823	  0.882	  0.622	  0.674	  0.869	  0.560	  0.711	  0.548	  0.606	  1.066	  1.267	  1.183	  1.016	  0.787	  1.101	  0.817	  1.047
   1798	  1.054	  1.092	  1.223	  1.133	  1.226	  1.130	  1.355	  1.133	  1.001	  1.052	  1.141	  1.033	  1.382	  0.902	  1.470	  0.722	  1.071	  1.174	  0.751	  1.015	  1.076	  0.749	  1.124	  1.063	  0.785	  1.051	  0.899	  0.717	  1.099	  1.473	  1.282	  1.407	  1.091	  1.470	  1.149	  1.457
   1799	  1.063	  1.071	  1.091	  1.140	  0.635	  1.120	  1.091	  1.204	  1.095	  0.796	  0.936	  0.931	  1.382	  0.737	  1.514	  1.014	  1.109	  1.215	  0.711	  0.834	  0.973	  0.824	  0.943	  0.930	  0.654	  0.836	  0.771	  0.715	  1.477	  1.386	  1.300	  1.066	  1.169	  1.278	  0.959	  0.783
   1800	  0.982	  1.032	  1.115	  1.069	  1.097	  0.993	  1.098	  1.085	  1.013	  0.872	  0.824	  0.876	  1.849	  0.812	  1.903	  1.314	  0.895	  0.938	  0.593	  0.855	  0.948	  0.649	  0.862	  1.055	  0.554	  0.709	  0.649	  0.685	  1.214	  1.298	  0.940	  1.155	  1.243	  1.362	  1.438	  0.918
   1801	  1.143	  0.935	  1.062	  0.960	  1.558	  1.066	  1.289	  1.256	  0.934	  1.038	  0.927	  0.982	  1.813	  0.885	  1.852	  1.780	  0.958	  0.961	  0.693	  0.902	  1.010	  0.670	  0.961	  0.995	  0.632	  0.874	  0.656	  0.755	  1.361	  1.427	  0.933	  0.987	  1.337	  1.814	  1.713	  1.526
   1802	  0.904	  0.983	  1.344	  0.953	  1.824	  1.147	  1.244	  1.014	  0.870	  1.105	  1.035	  1.199	  1.821	  0.998	  1.974	  1.404	  0.825	  0.917	  0.807	  1.019	  1.144	  0.772	  1.041	  1.177	  0.733	  1.043	  0.683	  0.927	  1.740	  1.313	  1.018	  0.565	  1.185	  1.041	  1.238	  1.196
   1803	  0.886	  1.385	  1.637	  0.922	  0.732	  1.379	  1.358	  0.843	  1.033	  1.164	  1.213	  1.310	  1.446	  1.166	  1.477	  1.504	  0.901	  0.959	  0.918	  1.401	  1.321	  0.944	  1.173	  1.221	  0.824	  1.288	  1.054	  1.020	  1.583	  1.484	  1.115	  0.421	  1.098	  1.273	  1.462	  1.104
   1804	  0.892	  1.195	  1.495	  1.050	  1.027	  1.231	  0.782	  0.950	  1.188	  1.116	  1.123	  1.179	  1.329	  1.140	  1.498	  1.158	  1.394	  1.256	  1.012	  1.151	  1.240	  1.100	  1.053	  1.202	  0.928	  1.127	  1.112	  1.074	  1.382	  1.447	  1.070	  0.993	  1.120	  1.101	  1.022	  1.283
   1805	  0.966	  1.045	  0.924	  1.317	  0.999	  0.868	  0.469	  0.899	  1.112	  1.070	  1.111	  1.188	  0.909	  1.093	  1.274	  1.125	  1.151	  1.188	  1.295	  1.214	  1.084	  0.815	  1.064	  1.225	  0.933	  1.049	  1.047	  1.045	  1.244	  1.005	  0.902	  1.349	  0.725	  1.020	  1.071	  0.671
   1806	  1.031	  1.147	  0.773	  0.740	  1.192	  0.949	  0.929	  0.952	  1.221	  1.159	  1.236	  1.342	  1.132	  1.242	  1.368	  1.468	  1.256	  1.459	  1.428	  1.139	  0.919	  0.833	  1.025	  1.283	  1.002	  1.079	  1.056	  1.212	  0.694	  1.094	  0.548	  0.972	  0.621	  1.231	  0.924	  1.061
   1807	  1.002	  1.242	  1.128	  0.676	  1.298	  1.218	  1.114	  0.815	  0.690	  1.145	  1.104	  1.284	  1.311	  1.174	  1.165	  1.879	  0.575	  0.755	  0.662	  0.897	  0.935	  0.847	  0.863	  1.187	  0.906	  1.051	  0.731	  1.154	  0.913	  1.030	  0.594	  0.730	  0.824	  1.209	  0.743	  0.624
   1808	  1.326	  1.295	  1.047	  0.693	  1.232	  1.348	  1.127	  1.198	  0.972	  1.110	  0.919	  1.369	  1.502	  1.084	  1.534	  1.555	  0.915	  1.210	  1.088	  1.014	  1.085	  0.960	  1.024	  1.036	  0.970	  0.805	  0.938	  0.913	  0.774	  0.799	  0.687	  0.822	  0.854	  1.114	  0.617	  0.622
   1809	  1.281	  1.453	  0.874	  0.580	  0.630	  1.442	  0.996	  1.028	  1.096	  1.201	  1.022	  1.322	  1.088	  1.073	  1.246	  1.272	  0.852	  1.248	  1.226	  0.898	  0.921	  0.917	  0.908	  0.979	  1.055	  0.908	  1.164	  1.053	  0.750	  0.634	  0.825	  1.073	  0.634	  0.656	  0.427	  0.394
   1810	  1.253	  1.294	  1.088	  0.488	  1.228	  1.304	  1.143	  1.056	  1.059	  1.424	  1.272	  1.366	  1.003	  1.396	  1.134	  1.566	  0.816	  1.231	  1.253	  1.292	  0.939	  0.945	  1.124	  1.063	  1.182	  1.240	  0.934	  1.293	  0.510	  1.014	  0.541	  1.151	  0.806	  0.626	  0.451	  0.986
   1811	  1.173	  1.193	  1.103	  0.467	  0.411	  1.279	  1.008	  0.997	  1.248	  1.445	  1.286	  1.614	  1.115	  1.504	  1.135	  1.433	  1.133	  1.420	  1.324	  1.396	  1.148	  1.146	  1.250	  1.183	  1.319	  1.431	  1.129	  1.510	  0.609	  0.914	  1.006	  1.002	  0.514	  0.565	  0.637	  0.724
   1812	  0.952	  0.752	  0.560	  0.469	  0.608	  0.725	  0.670	  0.765	  0.915	  1.029	  0.976	  1.110	  0.949	  1.048	  0.780	  0.964	  0.819	  0.927	  0.798	  0.769	  0.817	  0.592	  0.680	  1.003	  0.726	  1.042	  0.720	  1.152	  0.751	  0.742	  1.302	  0.966	  0.448	  0.580	  0.510	  0.502
   1813	  0.699	  0.392	  0.561	  0.526	  1.033	  0.518	  0.937	  0.589	  0.624	  0.465	  0.594	  0.312	  0.989	  0.330	  0.611	  1.236	  0.602	  0.685	  0.584	  0.296	  0.832	  0.410	  0.405	  0.574	  0.761	  0.533	  0.429	  0.360	  0.720	  1.124	  0.954	  1.073	  0.485	  0.946	  0.823	  0.649
   1814	  0.704	  0.609	  0.765	  0.456	  0.881	  0.711	  0.925	  0.608	  0.678	  0.628	  0.565	  0.248	  1.186	  0.522	  0.758	  1.238	  0.564	  0.679	  0.776	  0.401	  0.890	  0.626	  0.551	  0.635	  0.928	  0.518	  0.512	  0.467	  0.673	  1.331	  0.986	  0.914	  0.451	  0.906	  0.706	  0.473
   1815	  0.803	  0.832	  0.938	  0.588	  0.596	  0.831	  0.950	  0.632	  0.939	  0.873	  0.852	  0.477	  1.529	  0.805	  0.981	  1.570	  0.900	  0.796	  0.973	  0.766	  0.969	  0.758	  0.845	  0.907	  1.049	  0.962	  0.693	  0.877	  0.709	  1.008	  0.942	  0.562	  0.446	  0.564	  0.383	  0.487
   1816	  0.844	  0.783	  0.875	  0.618	  0.631	  0.689	  0.975	  0.735	  0.966	  0.891	  0.913	  0.563	  1.600	  0.809	  1.126	  1.194	  0.928	  0.797	  0.904	  0.742	  0.792	  0.842	  0.911	  0.873	  0.933	  0.914	  0.633	  0.939	  0.572	  1.079	  0.928	  0.816	  0.806	  0.664	  0.600	  0.696
   1817	  0.930	  0.701	  0.649	  0.565	  1.086	  0.469	  1.053	  0.866	  1.090	  0.979	  0.824	  0.539	  1.911	  0.887	  1.084	  1.484	  0.902	  0.846	  1.018	  0.797	  0.783	  0.825	  0.981	  0.958	  0.903	  0.842	  0.627	  0.908	  0.525	  0.936	  0.982	  0.933	  1.036	  0.950	  0.608	  0.791
   1818	  0.943	  0.833	  0.438	  0.604	  0.604	  0.726	  0.849	  0.670	  1.210	  0.940	  0.781	  0.590	  1.541	  0.837	  1.058	  1.245	  1.222	  1.050	  1.319	  0.830	  0.785	  0.893	  0.884	  0.912	  1.048	  0.767	  1.004	  0.980	  0.452	  0.638	  0.946	  0.369	  0.560	  0.801	  0.596	  0.701
   1819	  0.995	  0.730	  0.383	  0.501	  0.365	  0.721	  0.528	  0.753	  0.643	  0.775	  0.588	  0.304	  1.012	  0.482	  0.593	  0.850	  0.685	  0.528	  0.658	  0.661	  0.766	  0.563	  0.681	  0.603	  0.689	  0.606	  0.562	  0.619	  0.418	  0.782	  1.349	  0.830	  0.692	  0.705	  0.541	  0.586
   1820	  0.930	  0.837	  0.657	  0.606	  0.505	  0.880	  0.689	  0.780	  0.918	  0.771	  0.659	  0.459	  1.023	  0.604	  0.777	  0.658	  0.667	  0.814	  0.912	  0.716	  0.845	  0.708	  0.736	  0.778	  0.818	  0.581	  0.656	  0.738	  0.542	  0.961	  1.223	  0.985	  0.801	  0.693	  0.687	  0.889
   1821	  0.929	  0.867	  0.805	  0.784	  0.453	  1.023	  0.853	  0.778	  0.949	  1.026	  0.839	  0.670	  1.116	  0.877	  0.709	  0.881	  0.683	  0.752	  0.871	  0.919	  0.998	  0.500	  0.954	  0.881	  0.989	  0.922	  0.785	  0.940	  0.474	  0.947	  1.077	  1.243	  0.656	  0.858	  1.135	  0.869
   1822	  0.807	  0.687	  0.636	  0.630	  0.639	  0.817	  0.764	  0.661	  0.987	  0.607	  0.810	  0.630	  1.052	  0.594	  0.862	  1.009	  1.125	  0.960	  1.117	  0.687	  0.968	  0.692	  0.795	  0.842	  0.993	  0.831	  0.964	  0.831	  0.603	  1.161	  0.909	  0.940	  0.923	  0.685	  0.958	  0.800
   1823	  1.037	  1.041	  0.894	  0.893	  0.507	  1.030	  0.680	  0.731	  1.216	  0.761	  0.775	  0.799	  0.957	  0.797	  0.854	  0.998	  1.625	  1.158	  1.597	  0.813	  1.131	  1.065	  1.124	  0.949	  1.326	  0.835	  1.372	  1.009	  0.531	  0.881	  1.051	  0.922	  0.576	  0.618	  0.615	  0.896
   1824	  1.011	  0.752	  0.595	  0.723	  0.515	  0.896	  0.663	  0.779	  1.178	  0.953	  0.940	  0.890	  0.867	  0.984	  0.886	  0.650	  1.082	  1.035	  1.398	  0.774	  0.796	  0.955	  1.044	  0.982	  1.072	  0.798	  1.197	  0.982	  0.588	  0.747	  1.128	  0.803	  0.778	  0.543	  0.787	  0.956
   1825	  0.981	  0.682	  0.585	  0.629	  0.687	  0.801	  1.016	  0.871	  1.178	  0.736	  0.800	  0.740	  0.711	  0.805	  0.578	  0.677	  0.981	  1.131	  1.454	  0.755	  0.696	  1.032	  0.882	  0.923	  1.233	  0.714	  1.334	  0.894	  0.764	  0.881	  1.292	  0.666	  0.838	  0.865	  1.161	  0.749
   1826	  1.015	  0.647	  0.878	  0.758	  1.009	  0.954	  1.125	  0.907	  0.975	  0.600	  0.629	  0.565	  0.474	  0.512	  0.452	  0.455	  1.182	  1.070	  1.034	  0.724	  0.775	  0.869	  0.867	  0.732	  0.834	  0.713	  1.151	  0.666	  0.804	  0.896	  1.523	  1.144	  0.891	  1.282	  1.254	  0.826
   1827	  1.097	  0.929	  0.963	  0.900	  0.704	  1.071	  1.246	  1.074	  1.073	  0.878	  0.887	  0.752	  0.767	  0.857	  0.554	  0.820	  1.242	  1.038	  1.259	  0.921	  0.963	  0.992	  0.986	  1.033	  0.952	  0.732	  0.994	  0.895	  0.743	  0.762	  1.254	  1.113	  1.046	  0.676	  1.084	  1.186
   1828	  1.213	  1.057	  1.171	  1.210	  0.851	  1.152	  1.398	  1.239	  1.115	  0.856	  1.020	  1.042	  0.919	  0.966	  0.689	  0.829	  1.112	  1.042	  1.369	  1.108	  1.159	  0.988	  1.267	  1.106	  0.996	  0.920	  0.997	  1.016	  0.816	  0.761	  0.818	  1.325	  1.026	  1.050	  1.089	  1.118
   1829	  1.229	  1.137	  1.173	  1.068	  0.704	  1.161	  1.079	  1.192	  1.148	  0.780	  1.058	  1.153	  0.588	  0.883	  0.655	  0.711	  1.108	  1.174	  1.627	  1.031	  1.291	  1.042	  1.247	  1.018	  1.029	  0.928	  1.020	  1.168	  0.662	  0.770	  1.094	  0.740	  0.721	  0.934	  0.770	  0.795
   1830	  1.294	  1.159	  1.140	  1.159	  0.585	  1.084	  1.124	  1.142	  0.972	  0.853	  1.181	  1.554	  0.893	  0.962	  0.871	  0.855	  1.033	  1.214	  1.607	  1.242	  1.295	  1.049	  1.320	  1.127	  1.189	  1.306	  1.119	  1.180	  0.815	  0.599	  0.771	  0.919	  0.669	  0.444	  0.815	  0.669
   1831	  1.249	  1.017	  1.292	  1.124	  1.060	  1.078	  0.919	  1.114	  0.883	  0.767	  1.006	  1.286	  0.823	  0.876	  1.050	  1.103	  0.757	  1.043	  1.145	  1.079	  1.110	  0.965	  1.269	  1.046	  1.109	  1.121	  1.004	  1.048	  0.737	  0.813	  0.942	  1.090	  0.750	  0.902	  1.068	  1.083
   1832	  1.261	  0.860	  1.182	  1.110	  0.865	  0.894	  0.922	  1.114	  0.800	  0.902	  1.097	  1.366	  0.918	  0.935	  1.071	  0.950	  0.599	  0.882	  1.188	  1.152	  1.266	  0.703	  1.375	  1.005	  1.074	  1.134	  0.945	  1.159	  0.614	  0.974	  1.393	  0.916	  1.227	  0.776	  1.038	  0.823
   1833	  0.912	  0.717	  1.075	  0.725	  0.961	  0.746	  0.583	  0.748	  0.765	  0.789	  1.014	  1.042	  0.914	  0.778	  0.765	  0.596	  0.943	  1.050	  1.377	  1.042	  1.065	  0.633	  1.133	  0.785	  1.031	  0.831	  1.035	  0.883	  0.864	  0.919	  1.365	  0.968	  1.198	  0.910	  1.164	  0.938
   1834	  0.871	  0.662	  1.017	  0.644	  1.305	  0.917	  0.962	  0.749	  0.882	  0.902	  0.949	  1.051	  0.939	  0.888	  0.816	  0.888	  1.055	  0.975	  1.043	  0.999	  0.913	  0.471	  1.136	  0.946	  0.872	  0.930	  0.745	  0.819	  0.750	  1.287	  1.108	  0.602	  1.382	  1.116	  1.179	  1.161
   1835	  0.880	  0.631	  0.932	  0.477	  0.411	  0.972	  0.990	  0.725	  0.614	  0.622	  0.554	  0.785	  0.789	  0.712	  0.975	  0.905	  0.628	  0.665	  0.425	  0.578	  0.695	  0.361	  0.685	  0.796	  0.571	  0.570	  0.582	  0.819	  0.625	  1.480	  0.911	  0.843	  0.653	  0.781	  1.171	  1.247
   1836	  0.845	  0.726	  0.941	  0.604	  0.964	  1.033	  1.164	  0.686	  0.821	  0.955	  0.498	  0.938	  0.743	  0.945	  0.885	  0.594	  0.574	  0.863	  0.926	  0.759	  0.925	  0.593	  0.945	  0.926	  0.800	  0.509	  0.781	  1.043	  0.534	  1.381	  0.803	  0.587	  0.440	  0.818	  0.817	  1.136
   1837	  0.925	  0.822	  1.083	  0.907	  0.713	  0.996	  0.876	  0.772	  1.026	  1.108	  0.845	  1.023	  0.676	  1.080	  0.769	  0.495	  0.896	  1.120	  0.950	  0.901	  1.117	  0.747	  1.185	  1.039	  1.117	  0.744	  0.878	  1.199	  0.669	  0.994	  1.078	  0.685	  0.832	  0.560	  0.706	  0.698
   1838	  0.873	  0.873	  1.055	  0.915	  1.181	  1.166	  1.226	  0.853	  0.905	  1.016	  0.904	  1.244	  0.707	  1.106	  1.043	  0.825	  0.976	  1.126	  1.090	  0.903	  1.117	  0.875	  1.165	  0.982	  1.288	  0.842	  0.837	  1.233	  0.947	  0.893	  1.327	  0.510	  0.732	  0.557	  0.434	  0.652
   1839	  0.894	  0.908	  1.151	  0.988	  1.360	  0.980	  1.303	  0.921	  0.941	  0.970	  0.925	  1.614	  0.917	  0.926	  1.011	  0.824	  0.883	  1.193	  1.109	  1.086	  1.101	  0.841	  1.323	  0.998	  1.417	  0.881	  1.065	  1.203	  0.800	  1.067	  1.396	  0.477	  0.886	  0.913	  0.741	  0.816
   1840	  0.790	  0.718	  0.872	  0.708	  1.400	  0.734	  1.126	  0.823	  0.754	  0.510	  0.565	  0.824	  0.939	  0.446	  1.105	  0.915	  0.601	  0.853	  0.483	  0.709	  0.917	  0.531	  0.815	  0.727	  0.833	  0.497	  0.657	  0.711	  1.199	  0.937	  0.727	  0.731	  1.073	  1.127	  1.024	  1.082
   1841	  0.890	  0.910	  1.008	  0.821	  1.333	  1.094	  1.123	  1.048	  0.991	  0.978	  0.863	  1.242	  1.218	  0.894	  1.479	  1.166	  1.050	  1.113	  0.741	  1.241	  1.189	  0.894	  1.360	  1.029	  1.123	  0.823	  0.915	  1.148	  1.010	  1.197	  0.731	  0.757	  0.822	  1.326	  1.214	  1.029
   1842	  0.657	  0.643	  0.703	  0.514	  1.543	  0.746	  0.821	  0.844	  0.574	  0.593	  0.552	  0.852	  1.081	  0.504	  1.164	  0.801	  0.834	  0.869	  0.629	  0.753	  0.793	  0.685	  0.782	  0.773	  0.922	  0.474	  0.760	  0.800	  0.891	  1.114	  1.083	  0.809	  0.729	  1.046	  0.907	  0.732
   1843	  0.644	  0.678	  0.722	  0.521	  1.408	  0.576	  0.443	  0.814	  0.533	  0.778	  0.654	  0.781	  0.903	  0.590	  1.044	  0.739	  0.550	  0.913	  0.387	  0.923	  0.578	  0.504	  0.748	  0.729	  0.836	  0.637	  0.532	  0.759	  1.111	  0.943	  1.124	  0.740	  0.776	  1.127	  0.830	  0.547
   1844	  0.754	  0.919	  0.689	  0.756	  0.929	  0.752	  1.029	  0.925	  0.722	  0.960	  0.891	  1.051	  1.288	  0.880	  1.295	  0.803	  0.497	  0.900	  0.669	  1.115	  0.952	  0.661	  1.045	  1.205	  1.104	  0.835	  0.815	  1.157	  1.023	  0.896	  1.155	  0.731	  0.969	  1.279	  0.996	  1.071
   1845	  0.795	  0.996	  0.882	  0.782	  0.535	  0.840	  0.960	  0.886	  0.833	  0.890	  0.794	  1.047	  1.292	  0.851	  1.134	  1.072	  0.871	  1.040	  0.842	  1.105	  0.968	  0.768	  1.266	  1.069	  1.172	  0.788	  0.801	  1.137	  1.177	  0.916	  1.283	  0.923	  0.852	  1.016	  1.118	  0.949
   1846	  0.891	  1.271	  1.384	  1.102	  0.980	  1.231	  1.151	  1.116	  0.748	  0.991	  1.087	  1.328	  1.520	  1.073	  1.542	  1.229	  0.779	  1.090	  0.924	  1.337	  1.265	  0.852	  1.351	  1.199	  1.322	  1.055	  0.727	  1.283	  0.767	  0.842	  1.149	  0.449	  0.808	  1.145	  0.657	  0.917
   1847	  1.082	  0.941	  1.108	  0.866	  0.835	  0.831	  0.785	  1.102	  0.798	  0.665	  0.633	  0.757	  1.046	  0.585	  0.718	  0.940	  0.612	  1.087	  1.073	  0.603	  1.103	  0.729	  0.545	  0.799	  1.128	  0.467	  0.584	  0.808	  0.918	  0.744	  0.947	  1.208	  0.583	  0.950	  0.541	  1.126
   1848	  1.205	  0.880	  1.241	  1.111	  0.757	  0.758	  0.956	  1.169	  1.006	  0.855	  0.892	  1.109	  1.112	  0.897	  1.049	  1.195	  0.924	  1.378	  1.855	  1.110	  1.279	  1.006	  0.892	  0.957	  1.723	  0.856	  0.877	  1.041	  0.875	  1.104	  1.022	  1.500	  0.693	  0.861	  0.760	  0.640
   1849	  1.021	  0.988	  1.432	  1.116	  0.893	  0.938	  1.056	  1.114	  0.888	  0.850	  1.005	  1.224	  0.968	  0.867	  0.881	  0.929	  0.790	  1.085	  1.400	  0.771	  1.188	  0.981	  1.041	  1.033	  1.187	  0.922	  1.063	  1.070	  0.768	  0.931	  0.900	  0.834	  0.734	  0.766	  0.640	  0.915
   1850	  0.701	  0.915	  1.168	  0.831	  0.802	  0.921	  0.929	  0.590	  0.876	  0.698	  0.604	  0.800	  1.006	  0.601	  1.183	  1.072	  0.882	  1.252	  1.088	  0.639	  0.995	  0.802	  0.754	  0.910	  1.022	  0.511	  1.014	  0.770	  1.100	  0.868	  1.146	  0.721	  0.876	  0.778	  0.709	  0.683
   1851	  0.767	  1.223	  1.412	  1.006	  0.818	  1.048	  1.021	  0.655	  0.852	  0.844	  0.872	  1.200	  1.254	  0.888	  1.477	  1.289	  0.736	  1.101	  1.104	  0.925	  1.125	  0.757	  0.880	  1.011	  1.217	  0.648	  0.912	  1.075	  1.155	  0.925	  0.966	  1.259	  1.034	  0.987	  0.828	  1.089
   1852	  0.578	  0.978	  1.200	  0.868	  0.858	  0.962	  0.849	  0.387	  0.991	  0.834	  0.724	  0.987	  1.095	  0.768	  1.172	  1.099	  0.676	  1.082	  1.052	  0.898	  1.010	  0.860	  0.798	  0.961	  1.036	  0.523	  0.964	  0.888	  1.026	  1.251	  1.018	  1.072	  0.995	  1.189	  0.986	  0.600
   1853	  0.712	  1.043	  1.350	  0.963	  0.812	  1.146	  1.044	  0.547	  1.015	  0.877	  0.976	  1.148	  1.149	  0.926	  1.494	  0.985	  0.858	  1.343	  1.180	  0.995	  1.053	  0.855	  0.993	  1.038	  1.037	  0.792	  0.963	  0.860	  0.599	  0.929	  1.071	  1.030	  0.907	  1.136	  0.899	  0.718
   1854	  0.586	  0.570	  0.681	  0.701	  0.710	  0.674	  0.531	  0.512	  0.577	  0.392	  0.587	  0.495	  0.727	  0.370	  0.848	  0.978	  0.572	  0.590	  0.496	  0.662	  0.726	  0.519	  0.686	  0.613	  0.623	  0.541	  0.402	  0.472	  0.872	  1.280	  1.376	  0.777	  1.267	  1.001	  0.785	  0.476
   1855	  0.636	  0.885	  0.942	  0.741	  0.675	  0.896	  0.671	  0.535	  1.069	  0.715	  0.829	  0.869	  0.736	  0.769	  0.869	  1.210	  0.854	  1.327	  0.997	  0.756	  0.780	  0.901	  0.755	  1.002	  0.943	  0.843	  0.956	  0.907	  1.141	  0.904	  1.485	  1.081	  1.078	  1.143	  1.212	  0.978
   1856	  0.542	  0.903	  1.024	  0.866	  0.838	  0.827	  0.863	  0.574	  1.200	  0.855	  0.909	  1.070	  1.015	  0.753	  1.157	  1.260	  0.909	  1.446	  1.000	  0.898	  0.973	  0.874	  0.947	  1.014	  1.089	  0.852	  1.049	  0.929	  1.089	  0.920	  1.286	  1.322	  1.062	  1.148	  1.599	  1.360
   1857	  0.550	  0.918	  0.984	  0.829	  1.002	  0.868	  0.835	  0.582	  0.982	  1.038	  1.173	  1.221	  1.060	  0.994	  1.318	  1.080	  0.790	  0.721	  0.963	  1.052	  1.073	  0.803	  1.118	  1.216	  1.118	  1.071	  1.006	  1.199	  1.049	  0.974	  0.996	  1.290	  1.379	  1.199	  1.691	  1.179
   1858	  0.657	  0.866	  0.749	  0.692	  0.501	  0.817	  0.904	  0.573	  1.151	  1.016	  1.044	  0.948	  0.627	  0.922	  0.550	  0.944	  0.809	  0.946	  1.119	  0.971	  1.046	  1.048	  1.009	  1.117	  1.185	  1.010	  1.105	  1.187	  0.992	  0.835	  1.131	  0.786	  1.062	  0.458	  1.114	  0.619
   1859	  0.631	  0.704	  0.529	  0.580	  1.147	  0.735	  0.829	  0.572	  1.017	  0.930	  0.775	  0.856	  0.717	  0.784	  0.718	  0.909	  0.884	  0.763	  1.046	  0.778	  0.928	  0.764	  0.771	  0.906	  0.841	  0.767	  0.774	  0.972	  1.422	  0.847	  1.116	  0.362	  1.234	  0.481	  1.377	  1.025
   1860	  0.740	  1.249	  1.097	  1.115	  1.061	  1.014	  1.116	  0.697	  1.234	  1.125	  1.145	  1.415	  0.766	  1.147	  0.985	  0.781	  1.094	  0.959	  1.236	  1.179	  1.142	  1.023	  1.081	  1.149	  0.962	  1.251	  1.106	  1.393	  0.813	  1.059	  1.085	  1.090	  0.910	  1.273	  1.461	  1.307
   1861	  0.799	  0.958	  1.027	  1.203	  0.566	  0.831	  0.986	  0.727	  1.221	  1.110	  1.068	  1.173	  0.884	  0.924	  1.135	  0.814	  0.900	  0.918	  1.171	  1.001	  1.135	  1.085	  1.065	  1.225	  1.246	  1.319	  0.987	  1.105	  0.656	  1.074	  0.897	  1.211	  0.900	  0.862	  1.066	  1.076
   1862	  1.008	  0.974	  1.040	  1.103	  0.621	  0.797	  0.966	  0.929	  1.202	  0.994	  1.204	  1.172	  1.077	  0.866	  1.292	  1.078	  1.168	  0.764	  0.883	  0.987	  1.101	  1.015	  1.131	  1.204	  1.271	  1.323	  0.845	  1.106	  0.726	  1.067	  0.877	  0.566	  0.999	  0.754	  1.263	  1.080
   1863	  1.024	  0.839	  0.683	  0.826	  1.058	  0.654	  1.098	  0.915	  1.250	  0.933	  1.034	  0.871	  0.835	  0.890	  1.033	  0.436	  1.446	  0.861	  0.899	  0.865	  1.104	  1.077	  0.895	  1.061	  1.378	  1.011	  0.973	  1.075	  0.926	  0.793	  0.621	  0.342	  0.765	  0.519	  0.787	  0.569
   1864	  1.093	  1.089	  0.973	  1.032	  1.274	  0.974	  1.119	  1.114	  1.296	  1.186	  1.175	  1.042	  0.887	  1.087	  0.945	  0.571	  1.329	  1.018	  1.096	  1.182	  1.054	  1.249	  1.198	  1.208	  1.317	  1.385	  1.023	  1.198	  0.713	  0.958	  0.499	  0.969	  0.888	  1.038	  0.901	  1.094
   1865	  0.988	  0.977	  1.042	  1.089	  0.885	  0.925	  0.804	  0.985	  1.087	  1.043	  1.080	  0.985	  0.754	  1.023	  0.735	  0.620	  0.954	  0.825	  1.026	  1.133	  1.158	  1.142	  1.154	  1.108	  1.262	  1.187	  1.038	  0.967	  0.871	  0.922	  0.692	  0.774	  0.496	  0.580	  0.573	  0.456
   1866	  0.838	  1.012	  0.800	  0.931	  0.836	  0.864	  0.600	  0.793	  1.057	  0.920	  0.888	  0.982	  0.895	  0.925	  0.989	  0.817	  0.932	  0.947	  1.035	  0.999	  1.076	  1.137	  1.122	  1.031	  1.136	  0.978	  0.915	  1.021	  0.653	  0.872	  0.467	  0.948	  0.870	  0.980	  0.906	  1.128
   1867	  0.731	  0.866	  0.739	  0.846	  0.727	  0.847	  0.644	  0.724	  0.726	  0.981	  0.934	  1.227	  0.912	  0.871	  0.864	  0.701	  0.422	  0.478	  0.531	  1.297	  1.006	  0.681	  1.061	  1.144	  0.720	  1.124	  0.466	  0.766	  1.006	  0.699	  0.566	  0.598	  0.873	  0.562	  0.594	  0.735
   1868	  0.856	  0.977	  1.057	  0.739	  1.557	  1.049	  0.799	  0.942	  0.922	  0.991	  1.092	  1.122	  0.801	  0.904	  0.904	  0.399	  0.651	  0.782	  0.825	  1.127	  1.074	  0.611	  0.918	  1.159	  0.828	  1.115	  0.688	  0.859	  0.960	  0.841	  0.453	  1.056	  0.985	  1.246	  0.963	  1.187
   1869	  0.777	  0.882	  1.111	  0.733	  1.292	  1.030	  0.694	  0.822	  0.891	  0.885	  0.935	  1.090	  0.893	  0.761	  1.097	  0.831	  0.553	  0.649	  0.606	  1.073	  1.017	  0.670	  0.923	  0.918	  0.737	  0.872	  0.668	  0.713	  1.202	  0.981	  0.553	  1.066	  1.014	  1.698	  1.110	  1.420
   1870	  0.710	  0.874	  1.168	  0.553	  1.114	  1.099	  0.771	  0.776	  0.755	  1.014	  0.950	  1.080	  1.335	  0.894	  1.394	  0.834	  0.575	  0.594	  0.617	  0.983	  0.841	  0.520	  0.714	  1.204	  0.402	  0.960	  0.366	  0.722	  1.289	  1.079	  0.595	  0.896	  1.228	  0.958	  1.412	  1.602
   1871	  0.640	  1.049	  1.251	  0.741	  1.867	  1.115	  0.734	  0.722	  1.006	  0.611	  0.664	  0.868	  1.465	  0.586	  1.425	  1.538	  1.025	  0.831	  0.882	  0.882	  0.894	  0.842	  0.774	  0.857	  0.596	  0.743	  0.669	  0.604	  0.929	  1.169	  0.936	  1.535	  1.532	  1.465	  1.330	  1.895
   1872	  0.593	  0.488	  0.745	  0.510	  0.579	  0.667	  0.770	  0.488	  0.888	  0.533	  0.640	  0.958	  1.079	  0.605	  1.202	  1.429	  0.959	  0.914	  1.012	  0.970	  0.658	  0.782	  0.540	  0.840	  0.688	  0.789	  0.639	  0.723	  1.378	  0.865	  0.853	  1.564	  0.907	  0.758	  0.952	  0.612
   1873	  0.627	  0.647	  0.574	  0.563	  0.777	  0.808	  0.947	  0.637	  0.846	  0.827	  0.842	  0.857	  0.710	  0.877	  0.789	  0.717	  0.903	  0.803	  0.948	  1.033	  0.795	  0.689	  0.610	  0.832	  0.853	  0.876	  0.693	  0.818	  1.631	  0.855	  0.954	  1.277	  1.109	  0.931	  1.208	  0.543
   1874	  0.826	  0.936	  0.906	  0.691	  1.405	  1.073	  1.039	  0.910	  0.938	  0.424	  1.143	  0.695	  0.911	  0.447	  0.768	  0.626	  1.218	  0.860	  1.247	  0.639	  0.993	  0.801	  0.795	  0.922	  0.746	  1.079	  0.709	  0.615	  1.176	  1.131	  0.864	  1.287	  1.396	  1.061	  1.328	  1.361
   1875	  0.947	  1.006	  0.906	  0.841	  0.854	  1.060	  0.762	  0.971	  1.078	  0.366	  0.821	  1.114	  0.906	  0.470	  0.589	  0.561	  1.389	  1.014	  1.347	  0.464	  1.078	  1.017	  0.972	  1.114	  0.835	  0.875	  0.978	  0.750	  1.594	  0.887	  1.164	  1.209	  1.391	  0.940	  1.246	  1.049
   1876	  0.898	  0.993	  1.157	  0.918	  1.385	  1.187	  0.990	  0.816	  1.036	  0.617	  0.918	  1.355	  1.068	  0.693	  1.064	  0.849	  1.251	  0.995	  1.108	  0.870	  1.113	  1.065	  1.176	  0.995	  0.886	  1.004	  1.001	  0.885	  1.743	  0.630	  0.826	  0.846	  1.441	  0.502	  1.380	  1.196
   1877	  0.948	  1.399	  1.582	  1.208	  1.414	  1.474	  1.367	  0.997	  1.275	  0.862	  1.197	  1.650	  1.105	  1.035	  1.282	  1.182	  1.388	  1.161	  1.513	  1.067	  1.549	  1.192	  1.460	  1.243	  1.015	  1.430	  1.213	  1.225	  1.598	  0.913	  1.073	  0.544	  1.401	  1.229	  1.098	  1.566
   1878	  1.176	  1.021	  1.045	  1.221	  1.145	  1.215	  1.461	  1.197	  1.225	  0.716	  1.107	  1.137	  0.596	  0.836	  0.587	  0.802	  1.247	  1.109	  1.489	  0.729	  1.534	  1.041	  1.128	  1.034	  1.281	  1.199	  0.970	  1.034	  1.275	  0.755	  1.061	  0.752	  1.490	  1.436	  0.820	  1.488
   1879	  1.165	  1.015	  0.690	  1.078	  0.762	  1.116	  1.624	  1.056	  1.404	  0.974	  1.243	  1.482	  0.935	  1.162	  0.931	  0.930	  1.581	  1.258	  1.716	  0.937	  1.509	  1.455	  1.395	  1.241	  1.299	  1.324	  1.400	  1.060	  1.120	  0.775	  1.070	  1.224	  0.800	  1.064	  0.667	  0.751
   1880	  1.005	  1.246	  0.915	  0.930	  0.661	  1.254	  1.582	  0.894	  1.202	  1.024	  1.195	  1.320	  0.725	  1.141	  0.920	  1.169	  1.459	  1.265	  1.322	  1.077	  0.780	  1.397	  1.288	  1.085	  1.361	  1.281	  1.331	  1.187	  0.808	  0.937	  0.719	  1.093	  1.067	  1.024	  0.770	  0.804
   1881	  1.125	  1.048	  1.062	  1.049	  0.782	  0.980	  1.114	  0.987	  1.080	  1.156	  1.006	  1.015	  0.697	  1.113	  0.840	  1.167	  1.381	  1.109	  1.403	  0.917	  0.916	  1.272	  1.269	  0.996	  1.214	  1.176	  1.131	  0.970	  0.746	  0.866	  1.244	  0.786	  1.322	  1.111	  0.765	  0.868
   1882	  1.215	  0.824	  0.989	  1.100	  0.717	  0.962	  0.964	  0.841	  0.851	  0.875	  1.046	  0.707	  0.587	  0.765	  0.649	  0.808	  1.136	  0.654	  0.575	  0.836	  0.754	  0.798	  0.635	  0.733	  0.611	  1.157	  0.825	  0.651	  0.878	  0.760	  1.351	  0.542	  1.127	  1.176	  1.044	  0.873
   1883	  1.319	  0.901	  0.991	  0.765	  0.446	  0.988	  1.128	  1.129	  0.740	  0.767	  0.954	  0.633	  0.683	  0.612	  0.838	  1.001	  1.032	  0.762	  0.617	  0.794	  0.739	  0.598	  0.473	  0.920	  0.674	  1.071	  0.807	  0.510	  0.666	  0.729	  1.170	  1.292	  1.081	  1.106	  1.294	  1.170
   1884	  1.017	  0.750	  0.725	  0.529	  0.878	  0.784	  0.975	  0.772	  0.468	  0.612	  0.526	  0.381	  0.591	  0.580	  0.681	  1.078	  0.634	  0.486	  0.304	  0.407	  0.533	  0.335	  0.262	  0.758	  0.448	  0.565	  0.415	  0.443	  0.825	  0.748	  0.744	  1.215	  0.909	  1.206	  1.083	  0.762
   1885	  1.094	  1.077	  1.211	  0.868	  0.515	  0.899	  1.185	  0.903	  0.761	  1.291	  0.925	  0.753	  0.658	  1.090	  0.650	  0.552	  0.921	  0.590	  0.615	  0.716	  0.840	  0.456	  0.668	  0.997	  0.708	  1.078	  0.656	  0.668	  0.704	  0.706	  0.805	  0.921	  1.131	  1.234	  1.028	  1.214
   1886	  1.018	  0.896	  0.869	  0.891	  0.449	  0.635	  1.049	  0.809	  0.706	  1.201	  0.842	  0.738	  0.650	  1.014	  0.634	  0.898	  0.832	  0.569	  0.360	  0.728	  0.882	  0.458	  0.582	  0.896	  0.675	  0.924	  0.651	  0.667	  1.046	  0.684	  0.943	  0.643	  1.149	  1.105	  1.084	  1.242
   1887	  0.983	  0.641	  0.686	  0.528	  1.078	  0.638	  0.856	  0.823	  0.709	  0.890	  0.634	  0.694	  0.628	  0.758	  0.640	  0.993	  0.889	  0.609	  0.410	  0.816	  0.797	  0.472	  0.574	  0.827	  0.490	  0.726	  0.650	  0.599	  1.323	  0.913	  0.835	  0.596	  1.101	  1.004	  0.943	  1.051
   1888	  0.908	  0.624	  1.121	  0.484	  1.206	  0.779	  0.726	  0.810	  0.842	  1.164	  0.883	  1.154	  1.163	  1.128	  1.353	  0.869	  0.838	  0.671	  0.520	  1.087	  0.650	  0.611	  0.549	  1.147	  0.696	  0.797	  0.753	  0.821	  1.507	  1.001	  0.682	  0.859	  1.378	  1.409	  1.363	  1.527
   1889	  0.936	  1.169	  1.568	  0.929	  1.446	  1.097	  1.120	  0.956	  0.917	  1.177	  1.058	  1.243	  1.428	  1.217	  1.615	  1.422	  0.748	  0.736	  0.625	  1.124	  0.925	  0.836	  0.890	  1.090	  0.802	  1.081	  0.864	  0.960	  1.410	  1.381	  0.904	  1.193	  1.085	  1.165	  1.355	  1.654
   1890	  0.813	  0.949	  1.252	  0.978	  1.834	  1.032	  0.705	  0.965	  0.966	  0.954	  0.929	  1.040	  1.372	  0.958	  1.237	  1.495	  0.991	  0.749	  0.643	  1.053	  1.009	  0.788	  0.958	  0.877	  0.753	  0.922	  0.848	  0.833	  1.366	  1.746	  0.839	  1.484	  1.052	  1.557	  1.505	  2.254
   1891	  1.044	  1.049	  1.343	  1.000	  1.657	  1.230	  1.016	  1.122	  1.122	  1.087	  1.175	  1.255	  1.542	  1.182	  1.431	  1.089	  1.156	  0.916	  0.784	  1.298	  1.109	  1.125	  1.057	  1.031	  0.882	  1.150	  0.937	  0.952	  1.114	  1.253	  0.873	  1.120	  0.834	  0.911	  1.238	  1.315
   1892	  1.066	  0.997	  1.132	  0.633	  1.107	  1.126	  0.949	  1.104	  1.126	  1.110	  1.038	  0.832	  1.042	  1.105	  0.951	  1.019	  1.147	  0.988	  0.948	  0.914	  1.008	  1.199	  0.829	  0.907	  0.938	  1.006	  1.088	  1.000	  0.859	  1.104	  0.826	  0.749	  0.996	  1.029	  1.009	  1.194
   1893	  0.943	  0.875	  1.101	  0.864	  1.330	  0.970	  0.728	  0.877	  1.054	  1.158	  0.938	  0.663	  0.829	  1.115	  0.684	  1.175	  0.983	  0.878	  0.912	  1.024	  0.923	  0.986	  0.776	  0.905	  0.855	  1.111	  0.918	  0.959	  0.676	  0.681	  0.480	  0.654	  0.524	  0.512	  0.476	  0.516
   1894	  1.057	  1.019	  0.943	  0.880	  1.067	  1.122	  0.898	  0.929	  0.951	  1.153	  1.037	  0.703	  0.899	  1.191	  0.876	  1.070	  1.066	  0.889	  0.876	  0.994	  0.880	  1.118	  0.786	  0.887	  0.976	  0.907	  0.947	  1.081	  0.454	  0.764	  0.891	  0.664	  0.964	  0.497	  0.607	  0.717
   1895	  0.947	  0.918	  0.754	  0.789	  1.002	  0.953	  0.760	  0.859	  0.871	  0.991	  0.895	  0.630	  0.803	  1.130	  0.532	  1.368	  0.977	  0.796	  0.704	  0.906	  0.889	  0.974	  0.748	  0.875	  0.932	  0.794	  0.925	  0.925	  0.658	  0.745	  0.865	  0.979	  1.030	  0.626	  0.928	  0.792
   1896	  1.119	  1.010	  0.960	  0.988	  0.953	  0.910	  1.058	  1.027	  1.285	  1.243	  1.081	  0.687	  0.736	  1.382	  0.467	  0.891	  1.489	  1.110	  1.240	  1.025	  1.241	  1.433	  0.999	  1.045	  1.503	  1.103	  1.260	  1.167	  0.908	  0.704	  0.893	  0.702	  0.558	  0.652	  0.739	  0.560
   1897	  1.045	  1.208	  1.349	  1.309	  1.004	  1.216	  1.357	  1.051	  1.268	  1.282	  1.095	  0.836	  0.798	  1.384	  0.741	  0.924	  1.551	  1.158	  1.387	  1.103	  1.180	  1.494	  1.027	  1.140	  1.307	  0.994	  1.153	  1.282	  0.656	  0.933	  0.684	  1.052	  0.953	  0.599	  0.837	  1.007
   1898	  1.144	  1.120	  1.291	  1.107	  0.623	  1.012	  0.995	  0.866	  1.137	  1.201	  1.112	  0.828	  0.910	  1.171	  0.967	  1.080	  1.351	  0.986	  1.240	  1.123	  1.208	  1.294	  1.069	  1.338	  1.306	  1.026	  1.203	  1.111	  0.846	  0.824	  1.093	  1.024	  0.853	  0.844	  1.080	  0.691
   1899	  1.027	  0.584	  1.010	  0.900	  1.014	  0.661	  0.900	  0.959	  0.907	  0.984	  1.077	  0.854	  0.916	  1.145	  0.665	  1.151	  0.835	  0.891	  0.898	  1.114	  0.871	  0.991	  0.963	  1.169	  1.090	  1.003	  0.755	  0.898	  0.809	  0.835	  1.042	  0.671	  1.064	  1.052	  1.073	  0.597
   1900	  1.094	  0.640	  0.620	  0.952	  0.717	  0.863	  0.824	  1.125	  1.319	  1.220	  1.318	  0.965	  0.491	  1.453	  0.341	  0.575	  1.526	  1.083	  1.328	  0.807	  0.737	  1.216	  1.028	  1.106	  1.330	  1.322	  1.115	  1.268	  0.940	  0.778	  1.022	  0.814	  0.459	  0.487	  0.326	  0.456
   1901	  1.085	  0.914	  0.996	  1.238	  0.605	  0.875	  1.066	  1.120	  1.346	  1.134	  1.165	  1.098	  0.417	  1.336	  0.208	  0.274	  1.398	  1.219	  1.473	  0.600	  1.141	  1.253	  1.199	  1.224	  1.720	  1.363	  1.263	  1.266	  1.038	  0.700	  0.718	  0.434	  0.460	  0.739	  0.564	  0.462
   1902	  1.270	  0.953	  1.010	  1.288	  0.966	  0.735	  1.082	  1.214	  1.263	  1.196	  1.182	  1.040	  0.808	  1.275	  0.646	  0.695	  1.043	  1.050	  1.442	  0.799	  1.236	  1.400	  1.225	  1.174	  1.488	  1.239	  1.282	  1.322	  0.745	  0.821	  1.229	  1.091	  0.668	  0.983	  0.775	  0.843
   1903	  1.158	  0.733	  0.993	  0.765	  0.674	  0.848	  1.201	  1.059	  1.180	  1.098	  1.013	  0.978	  0.743	  1.072	  0.729	  0.575	  1.288	  1.136	  1.013	  0.767	  1.081	  1.096	  0.980	  1.116	  1.169	  1.088	  1.072	  1.023	  0.718	  0.904	  1.234	  0.806	  1.104	  1.119	  0.765	  0.980
   1904	  1.065	  1.020	  1.181	  1.124	  0.576	  1.000	  1.085	  0.975	  1.104	  1.594	  1.379	  1.416	  0.723	  1.716	  0.723	  0.477	  1.139	  1.131	  1.078	  1.306	  1.259	  1.192	  1.301	  1.263	  1.396	  1.437	  1.106	  1.304	  0.773	  0.820	  1.096	  0.850	  0.739	  0.850	  0.636	  0.652
   1905	  1.208	  0.979	  1.233	  1.115	  0.926	  1.051	  1.223	  1.169	  1.211	  1.367	  1.304	  1.298	  0.600	  1.464	  0.528	  0.419	  1.173	  1.240	  1.208	  0.965	  1.236	  1.475	  1.114	  1.148	  1.537	  1.361	  1.169	  1.290	  0.798	  1.136	  1.259	  0.828	  1.074	  1.114	  0.937	  1.131
   1906	  1.083	  0.893	  1.171	  0.886	  0.955	  0.996	  1.127	  1.168	  1.023	  1.032	  1.003	  1.040	  0.806	  1.129	  0.786	  0.689	  0.993	  1.038	  1.143	  0.659	  1.097	  1.123	  0.810	  1.039	  1.388	  1.135	  0.950	  1.021	  0.750	  1.169	  1.189	  1.394	  0.895	  1.330	  1.122	  1.127
   1907	  1.192	  1.101	  1.421	  1.075	  0.932	  1.165	  1.462	  1.310	  1.057	  1.174	  1.011	  0.849	  0.961	  1.053	  0.690	  0.756	  0.987	  1.069	  0.985	  0.810	  1.144	  1.326	  0.783	  1.113	  1.287	  1.080	  1.186	  0.968	  1.304	  1.193	  0.744	  1.075	  1.171	  0.909	  1.340	  1.080
   1908	  1.206	  1.171	  1.466	  1.447	  1.245	  1.221	  1.695	  1.349	  1.140	  1.760	  1.405	  1.327	  1.131	  1.535	  0.904	  0.962	  1.266	  1.436	  1.447	  1.234	  1.434	  1.589	  1.264	  1.215	  1.642	  1.421	  1.118	  1.473	  1.289	  1.497	  0.924	  1.205	  0.750	  0.602	  0.885	  1.612
   1909	  1.183	  1.318	  1.281	  1.828	  1.883	  1.225	  1.851	  1.372	  1.290	  1.922	  1.571	  1.504	  1.096	  1.789	  0.817	  1.137	  1.347	  1.590	  1.576	  1.331	  1.243	  1.838	  1.488	  1.268	  1.672	  1.552	  1.302	  1.681	  0.487	  1.438	  1.126	  1.163	  0.905	  1.033	  0.857	  1.183
   1910	  1.066	  0.746	  0.744	  0.906	  0.509	  0.813	  0.728	  0.859	  1.108	  1.436	  0.983	  0.760	  0.863	  1.296	  0.696	  0.640	  1.025	  1.165	  1.057	  0.796	  0.742	  1.091	  0.640	  0.943	  1.099	  1.018	  0.922	  0.882	  0.720	  0.695	  0.748	  0.628	  0.495	  0.840	  0.419	  0.497
   1911	  0.895	  0.492	  0.384	  0.427	  0.829	  0.534	  0.316	  0.906	  0.832	  0.911	  0.698	  0.303	  0.828	  0.797	  0.598	  0.635	  0.685	  0.903	  0.879	  0.523	  0.404	  0.806	  0.372	  0.691	  0.702	  0.862	  0.666	  0.474	  0.957	  0.846	  0.593	  0.476	  0.943	  0.632	  0.511	  0.492
   1912	  1.149	  0.846	  0.999	  0.703	  1.279	  1.081	  0.936	  1.188	  0.623	  1.011	  0.893	  0.546	  1.188	  0.936	  0.930	  0.671	  0.632	  0.804	  0.739	  0.631	  0.640	  1.012	  0.547	  0.910	  0.856	  0.937	  0.729	  0.817	  1.143	  1.159	  0.431	  0.805	  1.280	  1.303	  0.966	  1.082
   1913	  0.861	  0.810	  1.182	  0.720	  1.192	  1.009	  0.655	  0.881	  0.626	  1.056	  1.017	  0.609	  1.052	  0.951	  1.120	  0.960	  0.476	  0.632	  0.497	  0.780	  0.681	  0.795	  0.636	  0.992	  0.856	  0.983	  0.543	  0.582	  1.147	  1.097	  0.886	  0.966	  1.254	  1.743	  1.042	  0.885
   1914	  0.773	  0.934	  1.119	  0.756	  1.554	  1.076	  0.746	  0.689	  0.761	  0.978	  1.003	  0.607	  1.300	  0.848	  1.271	  1.334	  0.517	  0.721	  0.687	  0.886	  0.650	  0.736	  0.643	  1.082	  0.847	  1.060	  0.642	  0.666	  0.913	  1.197	  1.020	  1.012	  1.107	  0.922	  1.384	  0.727
   1915	  1.044	  1.152	  1.182	  0.878	  1.009	  1.252	  0.926	  0.983	  0.947	  1.125	  1.220	  0.943	  1.130	  1.099	  1.120	  1.232	  0.719	  0.898	  0.892	  0.946	  0.757	  0.767	  0.871	  1.231	  1.196	  1.197	  0.871	  0.935	  1.399	  0.908	  1.063	  0.873	  1.141	  1.405	  1.262	  0.795
   1916	  0.980	  1.284	  1.398	  1.203	  1.332	  1.451	  0.884	  1.051	  0.846	  1.283	  1.150	  1.039	  1.169	  1.348	  1.481	  1.410	  0.620	  0.921	  0.844	  1.105	  0.906	  0.887	  0.976	  1.387	  1.284	  1.183	  0.814	  1.095	  1.384	  1.233	  1.099	  1.444	  0.842	  1.607	  1.479	  1.694
   1917	  0.956	  0.929	  1.292	  0.851	  1.470	  1.205	  0.915	  0.931	  0.903	  0.799	  0.685	  0.725	  1.160	  0.778	  0.727	  1.178	  0.814	  1.110	  0.763	  0.829	  0.851	  0.931	  0.673	  1.054	  1.383	  0.661	  0.900	  0.853	  1.177	  1.214	  1.170	  1.292	  0.987	  1.396	  0.943	  1.463
   1918	  0.964	  0.901	  1.041	  0.985	  1.567	  1.295	  0.824	  0.859	  1.011	  0.962	  1.019	  0.780	  0.853	  1.028	  0.610	  1.233	  0.749	  1.156	  0.830	  0.971	  0.964	  0.955	  0.766	  1.047	  1.343	  1.032	  1.033	  0.869	  1.209	  1.318	  1.281	  0.734	  1.206	  1.157	  0.933	  1.179
   1919	  1.013	  0.884	  1.061	  1.049	  1.012	  1.148	  0.883	  1.020	  0.945	  0.903	  0.878	  0.909	  1.068	  0.984	  1.078	  1.372	  0.850	  1.284	  0.838	  1.005	  0.984	  1.015	  0.918	  1.011	  1.170	  0.833	  1.010	  0.852	  1.229	  1.271	  1.380	  0.630	  1.112	  1.917	  1.204	  1.336
   1920	  0.988	  1.163	  1.255	  1.289	  1.064	  1.195	  1.097	  1.020	  1.055	  1.200	  1.260	  1.242	  1.176	  1.313	  1.045	  1.372	  0.916	  1.233	  1.051	  1.475	  1.167	  1.139	  1.283	  1.152	  1.375	  1.283	  1.225	  1.289	  1.271	  1.127	  0.941	  0.684	  0.763	  0.920	  0.760	  1.340
   1921	  0.981	  1.146	  1.321	  1.237	  1.130	  1.424	  1.144	  0.938	  1.325	  0.978	  1.118	  1.136	  1.421	  0.961	  1.314	  1.480	  1.199	  1.511	  1.226	  1.215	  1.208	  1.200	  1.155	  1.174	  1.543	  1.077	  1.332	  1.080	  1.071	  1.217	  1.244	  0.863	  0.798	  1.108	  0.847	  0.824
   1922	  1.078	  1.236	  1.397	  1.230	  1.090	  1.467	  0.924	  1.003	  1.250	  0.923	  0.988	  1.126	  1.249	  1.054	  1.140	  1.328	  0.840	  1.261	  0.999	  1.314	  1.288	  1.420	  1.205	  1.030	  1.425	  0.826	  1.135	  1.132	  0.901	  1.038	  0.841	  1.316	  0.981	  1.220	  0.778	  0.878
   1923	  1.008	  0.869	  1.025	  0.943	  0.735	  1.116	  0.839	  0.870	  0.890	  0.908	  0.983	  1.110	  1.216	  1.079	  1.192	  0.809	  0.524	  0.786	  0.700	  1.284	  1.041	  0.980	  1.055	  1.180	  0.881	  1.016	  0.619	  1.100	  0.957	  0.597	  0.837	  0.935	  1.022	  1.453	  0.805	  0.915
   1924	  1.349	  0.972	  1.282	  1.222	  1.020	  1.097	  1.065	  1.342	  1.092	  1.057	  1.207	  1.111	  1.219	  1.245	  1.054	  1.104	  0.829	  0.862	  0.475	  1.403	  1.094	  1.166	  1.410	  1.117	  0.701	  1.110	  1.098	  1.191	  0.647	  0.805	  1.143	  1.159	  1.318	  1.102	  1.327	  1.001
   1925	  1.116	  0.957	  1.070	  1.122	  0.753	  1.117	  0.981	  1.290	  0.915	  0.928	  1.079	  1.023	  1.012	  0.984	  1.191	  0.860	  0.611	  0.740	  0.430	  1.118	  0.853	  0.796	  0.934	  1.018	  0.694	  0.984	  0.836	  1.025	  0.866	  0.866	  1.242	  1.293	  1.272	  0.942	  1.060	  1.061
   1926	  1.067	  1.068	  1.197	  1.218	  0.677	  1.274	  1.234	  1.183	  0.968	  1.017	  1.247	  1.312	  0.988	  1.181	  1.262	  0.896	  0.858	  0.882	  0.660	  1.219	  1.095	  1.048	  1.074	  1.046	  0.770	  1.146	  0.949	  1.128	  0.757	  1.155	  1.137	  1.334	  1.336	  1.233	  1.175	  1.584
   1927	  1.085	  0.843	  1.058	  0.804	  0.492	  1.097	  1.245	  1.233	  0.883	  0.510	  0.788	  0.594	  0.989	  0.582	  1.130	  0.961	  0.868	  0.515	  0.438	  0.822	  0.823	  0.921	  0.813	  0.586	  0.581	  0.726	  0.897	  0.611	  0.753	  1.158	  0.835	  1.223	  1.147	  0.644	  0.802	  1.480
   1928	  1.071	  1.173	  1.182	  1.157	  0.396	  1.373	  1.243	  1.226	  0.937	  1.245	  1.287	  0.968	  1.509	  1.320	  1.624	  1.417	  0.964	  0.649	  0.595	  1.423	  0.982	  0.977	  1.109	  1.125	  0.691	  1.339	  0.962	  1.102	  0.979	  1.466	  1.153	  1.274	  1.207	  0.834	  0.847	  0.792
   1929	  1.249	  1.112	  1.275	  1.181	  0.882	  1.254	  1.213	  1.412	  1.043	  1.186	  1.270	  1.141	  1.453	  1.185	  1.538	  1.737	  0.902	  0.630	  0.741	  1.297	  1.108	  0.971	  1.325	  1.083	  0.794	  0.999	  1.117	  1.090	  0.875	  1.379	  0.979	  1.280	  1.028	  1.056	  0.804	  0.905
   1930	  1.321	  1.143	  1.436	  1.608	  0.741	  0.917	  1.291	  1.301	  1.093	  1.438	  1.491	  1.424	  1.090	  1.498	  0.890	  0.949	  1.349	  0.775	  0.878	  1.422	  1.177	  1.308	  1.506	  1.233	  0.871	  1.348	  1.230	  1.540	  0.887	  0.941	  0.661	  0.659	  0.855	  0.654	  0.354	  0.790
   1931	  1.075	  0.924	  0.974	  1.221	  0.545	  0.812	  0.857	  1.082	  0.960	  1.355	  1.409	  1.478	  1.048	  1.294	  0.678	  0.899	  1.202	  0.871	  0.859	  1.483	  0.994	  1.171	  1.399	  1.143	  0.970	  1.420	  1.361	  1.314	  0.811	  0.683	  0.935	  1.346	  0.826	  0.860	  0.837	  0.958
   1932	  1.228	  0.726	  0.919	  0.623	  0.815	  0.785	  0.872	  1.375	  0.977	  1.004	  1.192	  1.245	  1.146	  1.054	  1.144	  0.957	  0.928	  0.774	  0.719	  0.983	  0.818	  1.030	  1.020	  1.102	  0.829	  1.231	  1.361	  1.187	  1.090	  0.704	  0.887	  1.119	  0.964	  0.981	  1.060	  1.063
   1933	  0.956	  0.926	  1.001	  0.516	  1.007	  1.002	  0.946	  1.013	  1.018	  1.033	  1.120	  1.227	  0.970	  1.031	  1.102	  0.759	  1.090	  0.901	  0.712	  0.827	  1.038	  1.010	  0.888	  0.916	  0.930	  1.002	  0.939	  1.025	  1.116	  0.838	  0.963	  1.130	  1.038	  1.160	  1.235	  1.075
   1934	  0.953	  1.122	  0.903	  0.933	  0.880	  1.014	  0.856	  1.111	  1.065	  1.417	  1.456	  1.398	  0.944	  1.371	  1.148	  0.763	  0.986	  0.937	  0.853	  1.302	  1.223	  1.034	  1.157	  1.234	  1.061	  1.451	  1.107	  1.275	  1.484	  0.661	  0.889	  0.657	  0.851	  0.685	  0.910	  0.945
   1935	  1.105	  1.069	  1.111	  1.339	  1.220	  1.140	  1.094	  1.406	  1.152	  1.313	  1.263	  1.334	  1.121	  1.257	  1.136	  0.811	  1.152	  1.117	  1.243	  1.313	  1.297	  1.244	  1.347	  1.203	  1.255	  1.360	  1.371	  1.360	  1.732	  1.017	  1.079	  0.933	  1.103	  1.758	  1.223	  1.440
   1936	  1.064	  1.088	  1.089	  1.262	  1.761	  1.202	  1.332	  1.521	  0.848	  1.220	  1.013	  1.321	  1.069	  1.137	  1.134	  0.795	  0.841	  1.145	  0.980	  1.107	  1.324	  1.034	  1.179	  0.984	  1.241	  1.127	  1.065	  1.303	  1.618	  0.828	  0.860	  0.732	  1.069	  1.140	  0.962	  1.242
   1937	  0.900	  1.091	  1.001	  0.916	  1.212	  1.262	  1.180	  1.112	  0.857	  1.017	  1.014	  1.236	  1.369	  1.012	  1.304	  0.944	  0.798	  0.785	  0.947	  1.105	  1.245	  1.037	  0.983	  1.014	  1.182	  0.918	  0.876	  1.053	  1.589	  1.085	  1.243	  1.362	  1.182	  1.798	  1.423	  1.300
   1938	  0.814	  0.933	  0.721	  0.781	  0.934	  1.112	  1.418	  1.173	  0.982	  0.777	  0.844	  0.939	  1.287	  0.744	  1.489	  1.169	  0.744	  0.718	  0.721	  0.901	  0.946	  0.973	  0.822	  0.856	  1.168	  0.696	  1.061	  0.844	  1.892	  1.247	  1.151	  1.509	  1.304	  1.366	  0.873	  0.771
   1939	  0.830	  1.118	  0.929	  1.067	  1.565	  0.899	  1.398	  1.079	  0.995	  1.303	  1.192	  1.162	  1.770	  1.297	  1.596	  1.464	  0.992	  0.961	  0.942	  1.238	  0.998	  0.992	  0.951	  1.047	  1.250	  1.145	  1.241	  1.182	  1.447	  1.055	  0.985	  1.764	  1.314	  1.034	  0.841	  1.226
   1940	  0.992	  1.116	  0.835	  0.932	  0.732	  0.596	  0.907	  0.970	  1.033	  1.098	  1.219	  1.266	  1.561	  1.138	  1.363	  1.333	  1.125	  0.981	  0.959	  1.231	  0.769	  1.084	  0.791	  1.107	  1.269	  1.190	  1.279	  1.230	  1.252	  0.883	  1.057	  1.007	  1.356	  0.788	  1.045	  0.926
   1941	  1.027	  1.248	  1.159	  0.978	  0.775	  0.892	  0.868	  1.133	  1.215	  1.064	  1.055	  1.248	  0.940	  1.122	  0.811	  1.208	  1.049	  1.133	  1.163	  1.072	  0.977	  1.358	  0.568	  0.974	  1.487	  1.301	  1.482	  1.161	  0.830	  1.210	  0.834	  1.760	  0.906	  0.376	  1.170	  1.219
   1942	  1.135	  1.161	  1.016	  1.291	  0.483	  0.777	  0.952	  1.101	  0.887	  0.605	  0.921	  0.849	  0.795	  0.697	  0.790	  1.415	  0.918	  1.042	  1.142	  0.444	  1.106	  1.168	  0.851	  1.026	  1.211	  1.120	  1.296	  0.917	  0.779	  1.369	  1.182	  1.629	  0.766	  0.671	  0.868	  0.810
   1943	  1.068	  0.998	  0.778	  1.290	  1.298	  0.618	  1.025	  1.187	  1.073	  0.977	  0.952	  0.994	  0.858	  0.882	  1.005	  1.846	  1.246	  1.123	  1.194	  0.711	  0.901	  1.091	  1.001	  1.080	  0.806	  0.786	  1.316	  1.034	  1.099	  1.266	  0.771	  1.347	  1.014	  0.882	  0.758	  0.900
   1944	  1.299	  1.365	  1.108	  1.616	  0.898	  0.899	  1.162	  1.377	  1.260	  1.212	  1.116	  1.450	  0.939	  1.232	  1.096	  1.503	  1.365	  1.312	  1.598	  1.031	  1.045	  1.549	  1.161	  1.231	  1.014	  1.126	  1.578	  1.304	  0.935	  1.495	  0.978	  0.884	  1.056	  0.849	  0.612	  0.575
   1945	  0.978	  1.495	  1.084	  1.888	  0.538	  1.127	  1.012	  1.082	  0.892	  1.264	  1.242	  1.683	  0.888	  1.291	  0.819	  1.169	  1.291	  1.024	  1.329	  1.159	  1.220	  1.060	  1.257	  1.095	  1.129	  1.481	  1.156	  1.329	  0.697	  1.299	  1.402	  0.658	  1.131	  0.809	  1.404	  0.997
   1946	  1.300	  1.477	  1.145	  2.300	  0.510	  1.068	  1.198	  1.456	  1.354	  1.162	  0.943	  1.296	  0.658	  1.349	  0.776	  1.171	  1.637	  1.423	  1.419	  0.922	  1.499	  1.658	  1.389	  1.001	  1.628	  1.025	  1.629	  1.587	  0.767	  1.311	  0.912	  0.320	  0.296	  0.640	  1.220	  0.863
   1947	  0.950	  1.141	  0.880	  1.342	  0.854	  0.917	  0.787	  1.026	  0.975	  0.904	  0.623	  0.927	  0.706	  0.924	  0.967	  1.572	  0.964	  0.867	  0.888	  0.851	  1.034	  1.115	  1.019	  0.838	  0.877	  0.695	  1.031	  1.041	  0.981	  1.156	  1.140	  1.344	  0.380	  0.552	  0.946	  1.011
   1948	  0.997	  1.463	  1.083	  1.631	  1.058	  1.159	  1.110	  1.151	  1.138	  1.429	  1.088	  1.354	  0.736	  1.474	  0.915	  1.651	  1.113	  1.106	  1.003	  1.225	  1.178	  1.220	  1.202	  1.050	  1.038	  1.233	  1.217	  1.383	  1.026	  1.084	  1.215	  1.489	  0.901	  0.892	  1.341	  1.477
   1949	  1.072	  1.174	  0.836	  1.313	  0.553	  0.937	  1.236	  1.254	  1.007	  1.084	  0.771	  1.053	  0.649	  1.095	  0.726	  1.019	  0.886	  1.070	  0.774	  0.930	  1.096	  1.119	  0.926	  0.873	  1.022	  0.881	  1.056	  1.237	  0.908	  0.997	  1.092	  1.135	  0.923	  0.607	  0.614	  0.999
   1950	  1.077	  1.045	  0.600	  1.113	  1.126	  0.701	  1.087	  1.377	  1.130	  1.267	  0.981	  1.173	  0.901	  1.353	  1.078	  0.827	  1.170	  1.411	  1.348	  1.121	  1.223	  1.466	  0.924	  1.121	  1.382	  1.148	  1.353	  1.258	  0.986	  0.671	  0.776	  1.451	  0.745	  0.520	  0.678	  0.687
   1951	  1.176	  1.111	  0.882	  1.246	  1.195	  0.627	  1.034	  1.249	  1.138	  1.395	  1.155	  1.477	  0.932	  1.475	  0.863	  0.792	  1.370	  1.299	  1.380	  1.489	  1.114	  1.568	  1.116	  1.178	  1.252	  1.405	  1.181	  1.462	  1.073	  0.697	  1.223	  0.862	  0.799	  0.820	  0.931	  0.799
   1952	  0.965	  0.755	  0.916	  0.930	  1.479	  0.851	  1.053	  1.064	  0.994	  0.932	  0.865	  1.057	  0.901	  0.943	  0.635	  1.014	  1.218	  1.103	  0.964	  1.010	  0.880	  1.177	  1.008	  1.018	  1.051	  1.099	  0.935	  0.974	  1.051	  0.848	  1.062	  1.447	  1.028	  1.070	  1.495	  1.589
   1953	  1.069	  1.135	  1.158	  1.163	  1.383	  1.191	  0.824	  1.097	  1.342	  0.832	  1.006	  1.049	  0.901	  0.925	  0.565	  1.292	  1.514	  1.391	  1.443	  1.212	  1.179	  1.584	  1.444	  0.921	  1.245	  1.153	  1.256	  0.838	  0.741	  0.972	  1.061	  1.350	  0.878	  1.342	  1.528	  1.330
   1954	  1.041	  1.076	  1.104	  1.009	  0.421	  0.987	  0.916	  1.118	  1.267	  0.947	  0.930	  0.927	  0.969	  0.964	  0.804	  0.942	  1.142	  1.078	  1.139	  0.911	  1.017	  1.358	  1.006	  1.000	  1.121	  1.000	  1.116	  1.016	  1.092	  1.049	  0.683	  1.466	  0.548	  0.644	  0.654	  1.052
   1955	  1.040	  1.152	  1.139	  0.926	  1.113	  1.195	  1.082	  1.114	  1.117	  1.308	  1.164	  1.299	  0.881	  1.399	  0.652	  0.872	  0.877	  0.923	  1.293	  1.266	  1.015	  1.372	  1.344	  1.219	  1.125	  1.265	  1.129	  1.305	  0.756	  1.026	  1.012	  1.925	  0.971	  0.990	  1.207	  1.282
   1956	  1.170	  0.880	  0.985	  0.855	  1.047	  1.155	  1.049	  1.241	  1.031	  0.783	  1.013	  0.753	  0.692	  0.820	  0.774	  1.047	  1.005	  1.025	  0.972	  0.864	  0.828	  1.123	  1.029	  0.925	  0.989	  1.090	  1.047	  0.942	  0.745	  1.090	  0.956	  1.127	  0.917	  0.968	  1.083	  1.163
   1957	  1.107	  1.166	  0.902	  0.803	  0.616	  1.012	  0.974	  1.243	  1.200	  0.986	  1.368	  1.207	  0.958	  1.060	  0.675	  1.183	  1.175	  1.033	  1.180	  1.165	  1.005	  1.277	  1.103	  1.131	  1.124	  1.409	  1.149	  1.134	  1.262	  1.004	  0.966	  1.069	  0.886	  0.596	  1.043	  1.366
   1958	  0.836	  0.622	  0.615	  0.519	  1.144	  0.874	  0.693	  0.974	  0.863	  0.433	  0.721	  0.546	  1.166	  0.431	  0.894	  1.150	  0.832	  0.884	  0.645	  0.521	  0.764	  0.878	  0.586	  0.573	  0.622	  0.581	  0.760	  0.583	  1.540	  1.195	  1.169	  1.149	  1.249	  0.962	  1.518	  1.071
   1959	  1.011	  1.124	  1.131	  0.838	  1.535	  1.190	  1.030	  1.240	  1.239	  0.932	  1.283	  1.015	  1.028	  0.962	  1.036	  1.363	  1.237	  1.151	  1.231	  1.311	  1.000	  1.277	  1.217	  1.141	  1.026	  1.276	  1.100	  1.012	  1.393	  1.169	  1.234	  1.024	  1.593	  1.424	  1.652	  1.476
   1960	  0.973	  1.130	  1.085	  0.954	  1.270	  1.142	  0.966	  1.333	  0.980	  0.755	  1.001	  0.802	  0.688	  0.761	  1.145	  1.237	  0.650	  1.003	  1.061	  1.073	  1.003	  1.176	  1.017	  0.942	  0.939	  1.022	  0.801	  0.943	  0.960	  0.939	  0.993	  0.743	  1.193	  0.855	  1.139	  1.438
   1961	  0.721	  0.784	  0.695	  0.500	  1.281	  0.894	  0.761	  0.959	  0.750	  0.493	  0.517	  0.407	  1.094	  0.427	  1.514	  1.204	  0.513	  0.818	  0.942	  0.660	  0.727	  0.949	  0.638	  0.582	  0.601	  0.407	  0.691	  0.555	  1.501	  0.841	  0.711	  1.024	  1.130	  1.048	  1.087	  1.145
   1962	  0.863	  1.043	  0.969	  0.743	  1.331	  1.238	  1.050	  1.075	  0.899	  0.990	  1.031	  0.874	  1.347	  0.949	  1.344	  1.094	  0.866	  0.884	  0.831	  1.209	  0.707	  1.006	  0.905	  1.002	  0.783	  1.137	  0.824	  0.866	  1.393	  1.018	  1.057	  0.667	  1.766	  1.300	  1.479	  0.987
   1963	  1.020	  1.440	  1.375	  1.154	  0.857	  1.415	  1.139	  1.232	  0.853	  1.181	  1.054	  1.085	  1.146	  1.177	  1.315	  0.372	  0.932	  0.871	  1.003	  1.113	  1.017	  1.011	  1.136	  0.982	  0.927	  0.990	  0.682	  1.058	  0.997	  0.913	  0.876	  0.830	  1.394	  1.012	  1.198	  0.770
   1964	  1.352	  1.288	  1.112	  1.196	  1.112	  1.143	  1.168	  1.359	  1.150	  1.076	  0.950	  0.844	  0.752	  0.988	  1.274	  0.507	  1.174	  1.139	  1.137	  0.971	  1.234	  1.139	  1.029	  0.831	  0.988	  0.850	  1.093	  0.936	  1.044	  0.870	  1.060	  1.217	  1.289	  0.993	  1.250	  0.661
   1965	  1.299	  1.656	  1.137	  1.388	  0.845	  1.121	  0.852	  1.328	  0.980	  1.212	  1.013	  0.897	  0.795	  1.183	  1.196	  0.663	  1.103	  1.209	  1.282	  1.178	  1.062	  0.973	  0.991	  0.862	  0.986	  1.053	  1.090	  1.098	  1.257	  0.952	  0.519	  0.389	  1.160	  0.652	  0.712	  0.781
   1966	  1.044	  1.410	  1.159	  1.194	  0.902	  1.020	  0.896	  1.348	  0.930	  1.151	  1.107	  1.058	  1.048	  1.187	  1.389	  1.033	  0.970	  1.185	  1.187	  1.279	  1.052	  0.762	  1.119	  1.028	  0.860	  1.255	  0.976	  1.153	  1.479	  1.154	  1.011	  0.866	  1.739	  1.272	  1.079	  1.501
   1967	  1.049	  1.083	  1.114	  0.802	  1.367	  0.981	  1.083	  1.266	  0.920	  0.900	  0.906	  0.645	  1.053	  0.970	  1.281	  0.920	  0.932	  1.113	  0.600	  0.876	  0.841	  0.773	  0.661	  0.784	  0.630	  0.826	  0.845	  0.829	  1.364	  1.053	  1.028	  0.742	  1.261	  1.193	  1.444	  1.077
   1968	  1.437	  1.217	  1.344	  1.262	  1.457	  1.244	  1.078	  1.544	  0.967	  1.370	  1.249	  1.100	  1.626	  1.311	  2.053	  1.528	  1.365	  1.295	  1.278	  1.331	  1.082	  1.165	  1.125	  1.154	  0.919	  1.289	  1.347	  1.099	  0.723	  0.640	  0.780	  0.980	  1.254	  0.851	  1.064	  0.850
   1969	  0.924	  1.288	  1.003	  1.277	  0.849	  1.190	  0.685	  0.989	  1.072	  1.241	  0.943	  1.095	  1.004	  1.106	  1.290	  0.960	  1.119	  1.234	  1.072	  1.296	  1.174	  1.105	  1.263	  0.965	  0.954	  1.261	  1.183	  1.155	  0.744	  0.869	  0.885	  1.020	  1.320	  1.011	  0.599	  0.795
   1970	  1.068	  1.028	  1.031	  1.114	  0.728	  1.062	  0.757	  1.161	  0.845	  0.838	  0.655	  0.814	  0.948	  0.949	  1.127	  0.871	  1.017	  1.121	  0.827	  1.094	  1.080	  0.907	  1.059	  0.982	  0.791	  0.862	  1.229	  0.917	  0.766	  0.941	  0.667	  1.157	  1.188	  1.035	  0.834	  0.739
   1971	  1.013	  0.898	  0.763	  1.028	  1.194	  0.958	  0.951	  1.142	  0.780	  0.887	  0.688	  0.870	  0.529	  0.998	  0.631	  1.112	  0.847	  1.018	  0.694	  1.327	  0.945	  0.849	  0.983	  0.910	  0.743	  0.893	  1.014	  0.908	  1.004	  0.998	  0.941	  0.798	  1.512	  1.190	  1.062	  1.104
   1972	  0.930	  0.886	  0.883	  0.966	  1.016	  0.953	  1.004	  1.199	  0.898	  0.916	  0.757	  0.633	  0.743	  0.935	  0.643	  1.099	  0.961	  0.897	  0.606	  1.020	  0.939	  1.002	  0.903	  0.868	  0.799	  0.909	  1.033	  0.902	  1.300	  1.247	  1.244	  1.143	  1.497	  1.042	  1.213	  0.853
   1973	  0.896	  1.022	  0.874	  1.109	  1.378	  0.849	  1.158	  1.037	  0.925	  0.958	  0.857	  0.747	  0.973	  0.920	  1.217	  1.433	  1.076	  1.011	  0.708	  0.797	  0.995	  1.080	  0.946	  1.077	  0.893	  0.893	  1.083	  0.993	  0.838	  1.411	  1.134	  1.501	  1.005	  1.201	  1.220	  0.951
   1974	  1.025	  1.194	  1.046	  1.268	  1.408	  1.059	  1.558	  1.018	  0.931	  1.343	  0.977	  0.958	  1.039	  1.311	  0.838	  1.763	  1.096	  1.023	  0.766	  0.837	  1.140	  1.310	  1.203	  1.115	  0.823	  1.102	  1.233	  1.172	  1.000	  1.520	  0.917	  1.056	  1.075	  1.130	  1.307	  1.056
   1975	  1.044	  1.151	  0.662	  1.300	  0.812	  1.039	  1.166	  1.050	  0.996	  1.082	  1.016	  0.724	  0.825	  0.909	  0.764	  0.941	  1.089	  1.103	  0.676	  0.773	  1.064	  0.984	  0.922	  0.966	  0.951	  1.009	  1.146	  1.168	  1.208	  0.791	  1.112	  1.058	  1.066	  0.928	  1.063	  0.847
   1976	  1.099	  1.021	  0.626	  0.952	  1.172	  1.063	  1.217	  1.025	  1.124	  1.060	  1.001	  0.880	  1.031	  0.945	  0.781	  1.335	  1.286	  1.444	  0.953	  0.896	  0.859	  0.819	  0.916	  0.997	  1.004	  0.931	  1.266	  1.151	  0.680	  1.111	  1.079	  0.750	  1.324	  0.946	  1.200	  0.616
   1977	  1.101	  1.086	  0.623	  0.991	  0.725	  0.941	  1.015	  0.957	  0.960	  1.336	  0.980	  0.989	  1.248	  1.184	  0.855	  1.278	  1.161	  1.352	  0.930	  1.137	  0.981	  0.984	  1.092	  1.015	  0.900	  1.115	  1.370	  1.147	  0.718	  0.998	  0.846	  1.113	  0.867	  0.648	  0.811	  0.742
   1978	  0.933	  0.927	  0.496	  0.838	  0.314	  0.833	  0.648	  0.567	  0.888	  1.095	  0.792	  0.974	  1.087	  1.077	  1.130	  1.181	  1.250	  1.086	  1.002	  0.996	  1.214	  0.962	  1.100	  1.045	  0.908	  0.497	  0.972	  1.124	  0.846	  0.558	  0.857	  0.782	  0.781	  0.820	  0.744	  0.880
   1979	  1.058	  1.148	  0.539	  0.825	  0.858	  0.900	  0.516	  0.805	  1.038	  1.180	  1.113	  1.073	  1.317	  1.132	  1.360	  1.118	  0.936	  0.986	  1.206	  0.996	  1.265	  1.001	  1.265	  1.130	  1.213	  0.896	  1.361	  1.134	  1.170	  0.987	  0.605	  0.968	  0.720	  0.776	  0.887	  0.692
   1980	  1.073	  1.181	  0.771	  0.972	  0.912	  0.803	  1.050	  0.899	  1.276	  0.963	  0.984	  1.051	  1.274	  0.934	  1.512	  1.492	  1.164	  1.192	  1.258	  0.814	  1.349	  0.951	  1.190	  1.018	  1.234	  0.761	  1.242	  1.042	  0.834	  0.891	  0.978	  1.106	  0.754	  1.171	  0.983	  0.810
   1981	  0.743	  1.092	  0.840	  1.218	  0.767	  0.797	  1.042	  0.501	  0.936	  1.002	  1.251	  1.086	  1.162	  1.171	  0.894	  1.292	  0.717	  0.613	  1.127	  1.090	  1.326	  0.888	  1.217	  1.119	  0.901	  1.085	  1.007	  1.236	  1.019	  0.664	  1.231	  0.975	  0.704	  0.971	  0.933	  0.870
   1982	  0.828	  0.853	  0.918	  1.308	  1.110	  0.900	  0.997	  0.690	  0.909	  0.939	  1.013	  0.876	  1.336	  1.066	  0.728	  1.042	  0.735	  0.625	  0.891	  1.051	  1.249	  1.039	  1.231	  1.060	  0.870	  1.108	  0.994	  1.119	  1.149	  0.849	  1.000	  0.957	  0.779	  0.896	  0.785	  1.101
   1983	  0.807	  0.749	  0.843	  0.937	  1.505	  0.933	  1.121	  0.752	  0.831	  0.796	  0.836	  0.875	  1.158	  0.882	  0.743	  0.860	  0.679	  0.577	  0.738	  0.744	  1.052	  0.798	  0.883	  0.803	  0.619	  0.782	  0.736	  0.837	  0.761	  1.068	  0.653	  0.808	  1.224	  1.173	  1.109	  1.033
   1984	  1.109	  1.043	  1.034	  1.070	  0.882	  1.008	  1.314	  0.998	  1.239	  0.900	  0.867	  0.936	  1.305	  0.955	  1.051	  0.891	  1.128	  0.897	  0.953	  0.959	  1.254	  1.138	  0.916	  1.091	  0.852	  0.825	  1.147	  1.059	  1.014	  0.978	  1.117	  0.825	  0.849	  1.234	  1.072	  0.911
   1985	  0.907	  0.807	  1.050	  0.888	  1.495	  1.024	  1.223	  0.952	  0.956	  0.659	  0.539	  0.562	  1.298	  0.636	  1.055	  0.981	  0.857	  0.790	  0.605	  0.892	  0.959	  0.874	  0.865	  0.864	  0.612	  0.511	  0.609	  0.690	  1.562	  0.968	  0.914	  0.828	  1.249	  1.557	  1.127	  1.331
   1986	  1.088	  0.799	  1.096	  1.129	  1.687	  1.247	  1.276	  1.138	  1.166	  0.958	  0.725	  0.796	  1.261	  0.979	  1.005	  0.944	  0.943	  1.004	  0.937	  1.049	  1.024	  1.012	  1.030	  0.956	  0.883	  0.711	  0.850	  0.878	  0.980	  1.303	  1.364	  0.992	  1.180	  1.527	  1.267	  2.155
   1987	  1.144	  0.874	  1.098	  1.084	  0.989	  0.989	  0.617	  1.239	  0.788	  0.879	  0.824	  0.919	  1.436	  0.853	  1.385	  1.164	  0.494	  0.639	  0.443	  1.113	  0.892	  0.605	  0.951	  0.983	  0.556	  0.762	  0.421	  0.835	  0.550	  1.088	  0.755	  0.506	  0.989	  0.776	  0.847	  1.407
   1988	  0.932	  0.787	  0.963	  0.813	  1.148	  0.514	  0.631	  1.058	  0.629	  0.742	  0.902	  0.946	  1.170	  0.850	  1.263	  0.797	  0.341	  0.447	  0.255	  0.844	  0.741	  0.405	  0.529	  0.963	  0.467	  0.772	  0.460	  0.787	  0.849	  0.844	  0.933	  0.794	  1.100	  1.002	  0.837	  0.731
   1989	  1.018	  1.069	  1.106	  0.596	  0.448	  0.941	  0.830	  0.919	  0.936	  0.835	  1.065	  1.052	  1.351	  1.020	  1.564	  1.093	  0.794	  0.653	  0.774	  1.014	  0.575	  0.861	  0.587	  0.971	  0.786	  0.814	  0.810	  0.879	  0.862	  1.041	  1.033	  1.003	  0.879	  1.138	  0.898	  0.789
   1990	  1.109	  1.171	  1.056	  0.915	  0.733	  1.096	  0.787	  1.139	  1.046	  0.720	  0.870	  1.121	  1.114	  0.930	  1.241	  0.917	  0.840	  0.747	  1.046	  0.872	  0.893	  1.070	  0.911	  0.947	  0.952	  0.853	  0.971	  0.817	  0.807	  0.701	  0.821	  0.949	  0.573	  1.021	  0.639	  0.498
   1991	  0.951	  1.387	  1.279	  1.294	  1.368	  1.454	  0.973	  0.864	  1.081	  1.087	  0.922	  1.294	  0.655	  1.306	  1.294	  1.072	  0.958	  0.839	  1.128	  0.862	  1.067	  0.985	  1.168	  1.100	  1.021	  0.869	  0.821	  1.089	  1.049	  1.118	  1.155	  1.485	  0.859	  1.157	  0.801	  1.512
   1992	  1.134	  1.125	  0.991	  1.148	  0.815	  1.076	  1.075	  0.829	  0.994	  0.965	  1.178	  1.230	  0.735	  1.172	  0.963	  0.748	  0.979	  0.943	  0.832	  1.026	  0.900	  0.958	  1.005	  1.063	  1.028	  1.008	  0.879	  0.996	  1.418	  1.101	  1.295	  1.106	  0.743	  1.278	  1.162	  1.178
   1993	  0.708	  0.994	  1.018	  0.759	  1.736	  1.178	  1.329	  0.616	  0.985	  0.760	  0.876	  0.807	  0.657	  0.760	  1.104	  1.056	  0.833	  0.904	  0.778	  0.867	  0.734	  0.796	  0.713	  0.867	  0.783	  0.808	  0.805	  0.748	  1.428	  1.311	  1.507	  1.354	  1.225	  1.695	  1.662	  1.650
   1994	  1.059	  1.153	  1.409	  1.003	  0.881	  1.352	  1.071	  1.007	  1.242	  1.231	  1.100	  1.148	  0.699	  1.359	  1.231	  1.456	  1.197	  1.219	  1.074	  1.297	  1.054	  0.983	  1.042	  1.236	  1.183	  1.305	  1.034	  0.975	  1.017	  1.187	  1.192	  0.561	  1.308	  1.661	  1.437	  1.882
   1995	  0.898	  1.107	  0.787	  0.907	  0.899	  0.902	  0.717	  0.863	  1.010	  0.698	  0.936	  1.157	  0.747	  0.788	  1.129	  0.990	  1.130	  1.075	  0.909	  0.901	  0.657	  0.922	  0.929	  0.936	  0.667	  0.910	  1.014	  0.748	  1.441	  0.834	  0.536	  0.951	  1.412	  1.281	  0.904	  1.629
   1996	  0.605	  1.275	  1.305	  1.313	  0.888	  1.163	  0.991	  0.454	  1.091	  0.971	  1.287	  1.511	  0.943	  1.138	  1.232	  0.884	  0.856	  1.118	  1.078	  0.996	  0.790	  0.979	  1.046	  1.198	  0.930	  1.329	  1.022	  0.992	  1.224	  1.198	  0.953	  1.170	  0.872	  1.292	  1.279	  1.462
   1997	  0.748	  1.001	  1.195	  0.978	  0.878	  0.813	  0.903	  0.519	  0.981	  0.644	  0.792	  1.048	  0.720	  0.722	  1.098	  0.686	  0.596	  0.821	  0.785	  0.843	  0.745	  0.677	  0.721	  0.803	  0.734	  0.784	  0.802	  0.680	  1.034	  0.857	  0.987	  1.032	  0.839	  1.935	  1.109	  0.669
   1998	  0.916	  1.382	  1.396	  1.345	  1.501	  0.934	  1.514	    NaN	  1.017	  1.078	  1.240	  0.829	  0.766	  1.210	  0.911	  0.476	  0.959	  0.929	  1.038	  1.220	  0.869	  0.744	  1.214	  1.310	  0.949	  1.348	  0.759	  0.946	  0.873	  0.945	  1.000	  1.055	  0.833	  1.857	  0.733	  1.616
   1999	    NaN	    NaN	  0.547	  0.648	    NaN	    NaN	    NaN	    NaN	  1.030	    NaN	  0.952	  0.593	  0.753	  0.973	  0.893	  0.827	  1.039	  0.913	  0.953	  0.709	  0.657	  0.963	  1.017	  0.815	  0.963	  0.898	  0.673	  0.722	  0.588	  1.015	  0.973	  0.415	  0.571	  1.649	  0.759	  0.607
   2000	    NaN	    NaN	  0.878	  0.778	    NaN	    NaN	    NaN	    NaN	  1.419	    NaN	  1.058	  0.927	  0.861	    NaN	  1.105	  1.227	  1.406	  1.259	  1.516	  0.846	  0.843	  1.297	  1.085	  1.078	  1.293	  1.057	  1.278	  0.866	  1.045	  1.079	  1.146	  0.964	  1.050	  0.973	  0.969	  1.104
   2001	    NaN	    NaN	  0.942	  1.334	    NaN	    NaN	    NaN	    NaN	  1.260	    NaN	    NaN	    NaN	    NaN	    NaN	    NaN	    NaN	  1.120	  1.286	  1.693	  1.141	  1.138	  1.442	  1.174	  1.179	  1.383	  0.959	  1.262	  0.983	  0.537	  0.913	  1.239	  0.937	  1.076	  1.021	  0.753	  0.634
   2002	    NaN	    NaN	  1.099	  1.160	    NaN	    NaN	    NaN	    NaN	  1.369	    NaN	    NaN	    NaN	    NaN	    NaN	    NaN	    NaN	  1.220	  1.303	  1.629	  0.891	  0.891	  1.481	  0.856	  1.108	  1.131	  1.105	  1.539	  0.922	  0.572	  0.518	  0.732	  0.576	  0.650	  0.486	  0.406	  0.687
   2003	    NaN	    NaN	  0.927	  1.329	    NaN	    NaN	    NaN	    NaN	  1.602	    NaN	    NaN	    NaN	    NaN	    NaN	    NaN	    NaN	  1.508	  1.031	  1.519	  0.772	  0.826	  1.116	  1.081	  1.187	  0.756	  0.985	  1.418	  1.060	  0.930	  0.557	  0.445	  1.365	  0.630	  0.384	  0.279	  0.541
   2004	    NaN	    NaN	  1.284	  1.315	    NaN	    NaN	    NaN	    NaN	  1.593	    NaN	    NaN	    NaN	    NaN	    NaN	    NaN	    NaN	  1.690	  1.184	  1.677	  1.041	  1.120	  1.643	  1.353	  1.195	  0.995	  0.942	  1.594	  1.079	  0.664	  0.765	  0.875	  1.454	  1.295	  0.836	  0.953	  0.981
   2005	    NaN	    NaN	  1.452	  1.377	    NaN	    NaN	    NaN	    NaN	  1.223	    NaN	    NaN	    NaN	    NaN	    NaN	    NaN	    NaN	  1.231	  1.086	  1.581	  1.171	  1.147	  1.231	  1.527	  1.126	  1.134	  1.035	  1.139	  1.115	  1.018	  0.824	  0.906	  0.892	  0.806	  0.543	  0.731	  0.661
   2006	    NaN	    NaN	    NaN	    NaN	    NaN	    NaN	    NaN	    NaN	    NaN	    NaN	    NaN	    NaN	    NaN	    NaN	    NaN	    NaN	  1.206	  1.226	  1.497	  1.106	  1.187	  0.890	  1.191	  1.153	  1.101	  1.148	  1.202	  1.139	  0.929	  1.088	  1.047	  1.343	  1.352	  0.841	  1.069	  0.771
   2007	    NaN	    NaN	    NaN	    NaN	    NaN	    NaN	    NaN	    NaN	    NaN	    NaN	    NaN	    NaN	    NaN	    NaN	    NaN	    NaN	  0.719	  0.891	  1.136	  1.011	  0.875	  0.859	  0.880	  0.686	  0.980	  0.669	  1.218	  0.980	  0.351	  1.249	  0.986	  0.947	  1.162	  1.119	  0.984	  1.027
   2008	    NaN	    NaN	    NaN	    NaN	    NaN	    NaN	    NaN	    NaN	    NaN	    NaN	    NaN	    NaN	    NaN	    NaN	    NaN	    NaN	  1.295	  1.390	  1.628	  1.211	  0.998	  1.229	  1.018	  1.117	  1.011	  1.150	    NaN	  0.964	  0.756	  0.605	  0.859	  0.539	  0.886	  0.461	  0.725	  0.540
   2009	    NaN	    NaN	    NaN	    NaN	    NaN	    NaN	    NaN	    NaN	    NaN	    NaN	    NaN	    NaN	    NaN	    NaN	    NaN	    NaN	  0.833	  0.783	  0.782	  0.518	  0.607	  0.720	  0.847	  0.809	  0.734	  0.473	    NaN	  0.806	  0.991	  0.785	  1.241	  0.823	  0.979	  0.801	  0.668	  0.739
   2010	    NaN	    NaN	    NaN	    NaN	    NaN	    NaN	    NaN	    NaN	    NaN	    NaN	    NaN	    NaN	    NaN	    NaN	    NaN	    NaN	  1.528	  1.147	  1.634	  1.383	  1.178	  1.344	  1.276	  1.348	  1.422	  1.146	    NaN	  1.261	  1.107	  1.241	  1.428	  1.038	  1.158	  0.842	  0.986	  0.782
   2011	    NaN	    NaN	    NaN	    NaN	    NaN	    NaN	    NaN	    NaN	    NaN	    NaN	    NaN	    NaN	    NaN	    NaN	    NaN	    NaN	  1.322	  1.031	  1.092	  1.286	  0.916	  0.993	  1.216	  1.141	  1.162	  0.859	    NaN	  1.172	  1.131	  1.176	  1.392	  1.272	  1.046	  0.724	  1.312	  0.882
   2012	    NaN	    NaN	    NaN	    NaN	    NaN	    NaN	    NaN	    NaN	    NaN	    NaN	    NaN	    NaN	    NaN	    NaN	    NaN	    NaN	  1.115	  1.103	  1.477	    NaN	  1.298	  1.217	  1.007	  1.084	  1.363	    NaN	    NaN	  1.507	  1.050	  1.064	  1.260	  1.191	  1.157	  0.796	  1.436	  0.954
   2013	    NaN	    NaN	    NaN	    NaN	    NaN	    NaN	    NaN	    NaN	    NaN	    NaN	    NaN	    NaN	    NaN	    NaN	    NaN	    NaN	  0.933	  0.836	    NaN	    NaN	    NaN	    NaN	    NaN	    NaN	    NaN	    NaN	    NaN	    NaN	  1.194	  0.751	  0.923	  0.821	  1.166	  0.948	  1.481	  1.078
   2014	    NaN	    NaN	    NaN	    NaN	    NaN	    NaN	    NaN	    NaN	    NaN	    NaN	    NaN	    NaN	    NaN	    NaN	    NaN	    NaN	    NaN	    NaN	    NaN	    NaN	    NaN	    NaN	    NaN	    NaN	    NaN	    NaN	    NaN	    NaN	  0.474	  1.024	  1.177	  1.316	  1.545	  1.013	  1.395	  1.288
   2015	    NaN	    NaN	    NaN	    NaN	    NaN	    NaN	    NaN	    NaN	    NaN	    NaN	    NaN	    NaN	    NaN	    NaN	    NaN	    NaN	    NaN	    NaN	    NaN	    NaN	    NaN	    NaN	    NaN	    NaN	    NaN	    NaN	    NaN	    NaN	  0.959	  0.679	  0.826	  0.817	  0.661	  0.401	  0.645	  0.735
   2016	    NaN	    NaN	    NaN	    NaN	    NaN	    NaN	    NaN	    NaN	    NaN	    NaN	    NaN	    NaN	    NaN	    NaN	    NaN	    NaN	    NaN	    NaN	    NaN	    NaN	    NaN	    NaN	    NaN	    NaN	    NaN	    NaN	    NaN	    NaN	  1.123	  1.066	  1.092	  1.310	  1.147	  0.744	  0.976	  0.529
   2017	    NaN	    NaN	    NaN	    NaN	    NaN	    NaN	    NaN	    NaN	    NaN	    NaN	    NaN	    NaN	    NaN	    NaN	    NaN	    NaN	    NaN	    NaN	    NaN	    NaN	    NaN	    NaN	    NaN	    NaN	    NaN	    NaN	    NaN	    NaN	  0.778	  1.252	  0.805	  0.920	  0.951	  0.830	  1.097	  0.857
   2018	    NaN	    NaN	    NaN	    NaN	    NaN	    NaN	    NaN	    NaN	    NaN	    NaN	    NaN	    NaN	    NaN	    NaN	    NaN	    NaN	    NaN	    NaN	    NaN	    NaN	    NaN	    NaN	    NaN	    NaN	    NaN	    NaN	    NaN	    NaN	  1.108	  1.238	  1.296	  1.293	  1.135	    NaN	    NaN	  0.818
   2019	    NaN	    NaN	    NaN	    NaN	    NaN	    NaN	    NaN	    NaN	    NaN	    NaN	    NaN	    NaN	    NaN	    NaN	    NaN	    NaN	    NaN	    NaN	    NaN	    NaN	    NaN	    NaN	    NaN	    NaN	    NaN	    NaN	    NaN	    NaN	  1.389	  1.476	  1.340	  1.352	    NaN	    NaN	    NaN	  1.308
